1211111111, 1111111111, 21111111 1220. ΙΙ.
227. 221212.

-11, 2111111111, uxor 1222. 1. 221.
cem.

- 1121111111111270. Ι. 1721311112.

.- 11, 2111111111, 1111 2111111111 1272.
Ι. 122. 212211.

- 11, 1111111111, 1111111111 1221. 11. 22.
122.

- 11, 011111, 11111222. Ι. 221. 221121.

- 11, 021111 1202. ΙΙ. 21. 112111.

-11, nor 2111111111 1222. Ι. 121.
212211.

2121111111 11, 2111111111 1212. I. 112.
CXLVI.

2111111 1111111111 , 21111111111. 111111 1202.
1211121.

- 11, 1111111111 1227. 12712.

1211111111 1227. I. 22. 12.

21111111, 11111 1222. 1. 220. 2221111.

1211111111221. 1122. 122.

21111111111112111111111 11 1222. 111. Ι.
211. 112.

- 11, 211211111222.1.212. 2211112.
- 1222. Ι. 212. 22111121. - 1222. Ι.
2222221.

- 11, 21121111 1222. 11. 211. 2222.

—- 11, 1111111111, 11111111 11 21111
1211. Ι. 122. CXXVII.

- 11, 11111111 1222. 11. 211. CCCI.

- 11, ouo 1222. 11. 211. 2222.

- 11, 1111111111, 1111111111 011. 2111-
11111111 zu MtiIInrg 1221. 11. 222.
CCXIII.

WIIdwerker 211111, 211311 11 12111 1222.
IIII. 2112.

12111111 211121111111 1271. 11227. 22111.

122111111111112121 112. 21111. - 1222.
I. 117. CLXVII. - 1221. I. 112.
cmm. - 1272. I. 221. com. -
1220.1. 221. com. - 1221. Ι. 210.
221112.

—· prope 21111 1222. I. 122. 21112111.

- 1111211111 1221. Ι. 211. 2211111.

- 11 1111111111 1221. 11. 121. emm.

- 11, 111111 1212. 11. 212. CCL

- 11,(111111111111111, 111111 1220. Ι.
100. 11112111.

- 11, otto 1221. Ι. 1222111111.

- 11, Otto, 111111 1222. I. 1001111221.
- 1211. 1. 1011211.- 1212. 1. 112.

117

211. - 1210. Ι. 112. 21111. - 12221.
117. 21112111.

12121111111111, otto, 11111111 7111111·
gennit 12121. 111. 211.

- 11, 11111111, 11111 1220. 1. 77. m. -
1220. I. 77. 1121. - 1220. 122.
1111211. - 1211. Ι. 122. 211.

12221111111111 011111, 211111111111111
21111 122211. 21. 1112111.

- 011111111111112211.
1211111111113 122211. 20. 111121.
2211111111, 211111. 1. 2111111111111217.

Ι. 12111211. - 1217. 1. 11. 1112111.

-21111111 1. ’111111 1222. 11. 121.
21211.

- 111 von 81111111 1222. Ι. 212.
comm - 1220. I. 221. 221221. -
1220. 1221. 2212211. - 1222. I. 212.
22211.

1211111111 bei 111211111222. ΙΙ. 112212.
- 122211. 11221111

— 11 1111 suebos 1222. 11. 120. 0va.

wilhelm Herzog 11 2111111111 1221.
111. 11122111. - 1222. 1111. 11.

122. 1111. ”

- 1111 2111111111 21111111 211111 1212.
111. 11101. 12.

12121111110111 11, 11111 11221. 12. 11.
winomannus, 0111 1212. I. 122. 21112111.
- 11, 2113111111 1210. Ι. 11221111.
— 11, 2111111111 1222. Ι. 112. 21112111.
- 11, 111111111222. 1. 121. 21112111.
- 11, 2111111111222. I. 121. 21112111.
- 11, 1111111111 1222. Ι. 122. CLXXVIII.
1212111111 11 111111 111111111272.1. 121.
21221.

12111111 12021. 221111.

1211111111 11111 11 21111 1212. I. 110.
cml.

1211111 1222. Ι. 102. 11112111.

12111111, 1211111111111 1212. Ι. 102. 12111.

1211111 1211. I. 101. 1221. -1211, Ι.
122. 211211. - 1271. I. 122. 222. -
1271. I. 122. ccxv. - 1271. I. 122.
22121. - 12721211. CCXXXIII.

- 11111 2111 zu 1212. 11. 22. XLIII.

- beiden 211 122211. 171. cmx. —
1212. II. 172. 2111211.

- 11111 1217. 11. 12. 12.

-11111 111111 1111111 1312. ΙΙ. 221.
CCXIII.

 

