388

macheu, 111111 11111111111 1111111 11 11111111111 1111 (111111 11111111
(11111111111111, 1111 11111111· md geben, 111111 11 11111 11 alle
inunge. Vnd swern 111 1111 11111 11111 1111111 111, (111 1111111111
gib ich im den 111111111111 11111111 11111111111ς1111111111
1111111, 8111 Hermann 111 Cily. (111 11 geben 111 111111111
gnta, (111 11 (1111111 11 Liechtemtain gehnnent, 111 11111 3111111
Stephana den 11111111, (111 erden 11111 1111111 111 (1111111111 1111111,
11111111111.111111111 11131111 1111 christi gnpnrd (1111111111
1111111111 (1111111 11 1111 111 111 1111111ηἰῄ11111 111, (111 11111131
11111111 nnn Magdnlene tog.

1111ςὶ111 111 1111111111 1111 111111 811111, (111 1111111 111111. ⁵

CCCXXX.

1111111111. - (1111111111111,11111“1 (1111111111111111 Heiln’qeukrm 1111
Weinanlen 111· 1111111119 men 1111111111( arundinem« 111111 venem·
1111111111111 mad einqeaenlwnrld vird.

111 8111111111 (1110111111111, Pnrgen 1111111111 verginh 1111
dem brief, (1111111 nien 11111, do 111 111 11 (1111 1111111 111 (111
111111 purger (1111111, 111 1111111111 (11111111111111 1111111111 (111·
11111ρί11, (1111111 111111111 11 1111111111 (111 111111 (1111111111 1111-
111 1111111111 111 dem Heyliyenchrewzn 11(1 111181 11111111 11111-
garten, (1111111111111111111111111(1118111111, 3111111 1181111111
1111111 1111911111,11111111 Hanunea (1111 Plutum, 1111 111 vnn
81111111311111113111111111111111111111111 1111 1111111111 1111111·
11111, 1111111 1111 111111 1111111 111111111111111,(111111 11111 3111111
1111 11111 11111111 11111 teg, 111 1111111311, 11111111 1111. 111
word 11 (1111 rechten (1111111111 gespnochen: 1111 1110111111 (1111
8111111 1111111111 111111111111111111111 1111 111 1111111111111.
1111111111111111111111111111111, 1111111111 111111. (111 1111111
(111111 1111111 ward 111111111111111811111111111111111 1111;11(1111
1113111, 11111111111. Da gab 11111111111111 8111 mon 0111111111
man getan 11(1 1111111 1111111111131111111111111, yn 11 1111111111
(1118111111111 Anna 1111 1111111 (11111111 31111111 1111 11 1111111

111111111 1111111111111,111111111 111 11111 nnn 1111 geben, 1111 ¹

(111 weingarten 1111111111 11111111 1111 1111 1111111, 11 11 111111
wer, (111 (111 11111111131111111111 111 (111111111111111 (111 1111ρί1

pringi, (111 11111111 rechten (1111111 1111111111111111. [11 gab 111 im γ

11111111111111111 vnd 1111111111 (111 sennaser. 1111 1111111 nider

 

