xxxss.

1111, 15. 1111111. - Anbar, 11111111 von 1111 secia 11 Bedese, 11111111 1111
2111111111 eduen· Familia 11111111 1111111111111 111 aaa 1111 einen
111111 111111, 1111111 1111111111 1111111111.

111 111111 genunt 111 dem 81111 1111 Puden 111 mein 11111·
111111 1111111 11111111 an 111111 11111111 111111111111111111111,

11 11 111111, 1111111111 11111111111, 11 111111111111111111
1111111111 1111, 111 111 mit gvetleiehem 1111111111 1111111111111
11111 111 mit 311111111111 111 mit 3111111111111111 111111
1111111 111111, 11111111 benennon, Daz ist 111 1111111111 mein
Albers 1111111 111 1111111111 11111111 1111111 1111111111 111 111-
genanten Elepeten 111 11101111911111 11111 1111111111111 111
1111111111 111 mein Alhere 11111111 0111111111 111 1111111111 111
1111 111111111111111111 1111 11111111111 1111111111 11111 11111
1111111 1111 1111111111, 11111 1111311111 111 1111 11111111111111
Puden, Der Sennung 111 1111 11111911 011111111111111111 111111
111111811111, 1111 111111 dem 1111 111 1111111 1111111 1111111111
11111 11 111111 eigens gener 1111 1111111111, 111 11 111 minen.
11 wien iz 1111 311111 11111111, 11111 1111111, 11 111 1111111111
11111 1111 1111 111 frumen 11111111111111111111111 aller 11111
1111 111111111 11111 11111111 phenning. Vnd 111111111111111111- j
1111111111111 gewert. 111111 1111111111311111 Samnung sorgen
111111 11111111, 111 1111111111 11111111 memet 11 1111111111
1111111111 1111111, 11111111111]1111131111111111111111111111,
111 1111 111111111111111111, 11111111 11111 11111 111, 11111 nien
111111 weingarten, 111 11 1111111 der 111911, 1111111111 111 1111111
1111111 11111111111111111111111111111 11 111111, 111111111 111111-
11111 11111111 11111, 11111 1111 11 peden, 111 11 11111111 1111111
1111111 111 111 alle enspnneh 111 111 111111111111011111111. 111
1111111111111 11111111111 111 mvn-wanden, 1111111311 1111
dinen 1111111 111111 1111111111111 1111111111111111111 01111
1111311 111 hersen von 1111111111 111 1111 1111111111 1111311 111
11111111 111 11111111111111111311111Ρ1111, 11111 111111 11111111
1111111111 1111111 1111111 mit mein 11111111111311, 111 1111111
gezengen, 1111111111111111. Her 1111111111 Mate, 1111 11111111
111 dem 1111 111 111 011111 8111111, Her 1111111νεί111 111 111·
11111111, 1111 111111 111 Puden, 11111111 111 8111 111 11111 smne

 

