226

1911111191 11191 19 911911 1111111911119 1119111919 1911111191
mit dez Ρ9131111119111111111, dez vorgenanten bern Ortolfis 1111
chale-mh 111 mit bern 1111111111 1111311 191 8119111191111, purger ze
11191119, 111 mit 1191191 11911111 infligi! [1111191111 191 Rama 111
1199119119191, 119191 191 1191111111919191 1919191111, 111 11
11191 11919191391111111111 111 11111111. 1191111191 ist geben ze
1111111191 01111191 19111119 1191119191 1111911111, 111 11911 11
1911191111 111 fflmftzigisten 111, 11 191 11911391 01119111 abent,
11191 111191 ward.

01111111111191311119111111 911911 819191, 11191 1911191.

CCXVI.

1³⁵0, 1. 111, 111-1111111911 Haemode verkoeuft 1191111191 Η911191111111
119111111ῑό Pfund meninq jahrliche (11111911 1119111111 111 1111911119.

111 01111111 111 [1119119119 1111111 ,1919119111 Η11111111 wir
vergehen 111 111 9111111191191, 11911191 11191 1919111191111911
19191, 119 11191911111 191119111111191 1111, 11111 11981191
1111111191191 11911111 391191 an ayndles· phenning‚ die 11 ligent 19
,1191111111 111 1911 11119199119111 191 (1111911, 111 1911191111 119-
sem 1119139191111911191, Die 1111113911119101111111111 1111919119
1111 mein aygenshasts varundgut geehawft 111 111191 119 911911
119119119111 111191 111 1111 0111111191, 119 111191 111 11111111
111 119 auch mit 11911911 8119191911 1111191 119 1139119111191111-
genanten (1111 gegeben 111911 1111 1111111, 11911 911911 11911911 19111
111919191191181191111911 11111111111111111, 111191 11191 sngt.
dem si im 1111113919191111911, Vnd 191 1191111111 1111911911
11191 gegen 1111 111 gegen 1191191 1111911 191 1911111111 1911111191
111 1111, 1119 119 11911 111 191 119191191 111111191119191111191, 111
19111111111111191, 1911911811 1111111191, 1191911191 1911 119 111·
19111191 (1111 111 11119 19911911 191191 1111191 111191 1191 1911111191
19111190119119191ς 1191111911 1111119 11139111191(1111191911111191,
1191911911111911111 1191911911 (1111 19 191119111191 1111911111,
111 1911911 1911 11191911 1918111911111Τ11111111111111Ῑ 111 19111
1111191 1911 111111 111119191191 111111 91111 1111111191 11111 haben 11911
39111191 119191· 1111 111 11911111 1191191, 1911 111 11 1911911191
(1111191, 1911 1111119191111191, flecht gewern 1111919111 1911
1111, 111 111911 19911 ist 111 191 1111191 recht 19 0119119111. 111
1111111111 haben 1191111111 111911111191 1111911 1111191 1111 guast,

 

