811111 11111111, 11111118 Ducis 13181
88. mvl.

811111 81, 111 ’11111111118111 11111 1383.
,1. 187. 811111. - 13881318881111.
-1188, 1. 318. 111111.- 1388. 1.
181. comm - 1381. 11. 1. iv.

- 81,111Τ1111111118111, 11181111,111111
133811. 118. 81111.- 1338.11. 133.
cxxix. - 1331. 11. 188. 8111. -
1338. 11. 18881111. - 1313. 11. 188.
cmvii. - 1313.11. 1818111111.

- 81, 1111111111118111, 1111111, 111111
1328. 11. 118. 8111.-1331. 11, 188.
8111. - 1338. 11188. 81111. - 1313.
11. 188. cmvii. - 1313. 11. 187.
cumi.

- 81,111’11111111118111, [111111138811.
238. 88111

- 81, 111111, 11181111111 1381. 11.
8. vi.

- 81, 11181111, 1111 1313118711111.

- 81, 11181111,1111 von Heiligenireuz
1318. 11. 8811111.

- 81, 81111111111111111338. ΙΙ. 117.
8111.

- 81, 1111111 111 81111 1338. 11. 117.
81111. - 1338. 11. 188. 81111.

- 81, von 111111, 81111118, 1111811 1338.
11. 188. 81111.

- 81, 111 111111, 3111111111, 11111811
1338. 11. 188. 81111.

8111111181111111111338. 1. 188. 1111111111.
8111111817111111118111, 1111111111 1381.
1. 127. cmv. - 1381. 1. 183. 81111111.

- 811111111118111, Stephanus 1381. 1.
127. cxxiv. - 1381. 1183811111111.

- 81 Tuum-maort, 11111111 1381. 1.
137. CXXIV. - 13811. 1388111111.
-1388 Ι. 111. 8111111. - 1381. 1,
183. 81111111.

- 81, 11111111 1278. Ι. 383. 8811.
- 1377. 1. 2188811181. - 1373. 1.
331. 8811. - 1388. 1. 2388811111. -
1388. 1383. 8811111111. - 1383. 1.
388. 8881. - 13331. 371. 888111.

- 81, 8111111111388.1. 118. 811111. -
1388. 1. 138. 11111.- 13881. 138.
cmvi.

- 81, Stephanus 1388. 1. 113. 81111. -
1283. 1. 288. 8881.

- 81, 11111111 1188. Ι. 118. 811111.

883

8111111 1111811111 1187. Ι. 11111.
8111111318111111188. 1. 38. XV!- — 1188.
113. m.
Siubenberg 81, 1111111111 1383. Ι. 188.
811111.
- 81, 1111111111311. 11. 3811111111.
8111111 811118 138111. 377. 881111.
- 81111111, 1111111387. 11. 377. 881111.
- 1111, 111111111 1387. 11377. 881111.
81111 0111 1383. Ι. 338. 881111.
- 1181111, 81111 1383. 1. 338. 881111.
- 81111811, 1111111383. 1. 338. 8811111.
- 1111111, iilius 13831338. 881111.
- 11181111 1388. 1. 311. cmiv.
- 8111118, 1111 1283. Ι. 338. cciiii.
81111111111118 1318. 11. 81. XCI.
8111 81, 11111111 1183. Ι. 31. 111.
81111111111 81111 1388. 11. 388. 88111.
8111 1188. 1. 38. xvii. — 11881. 38.
m. - 1381138117111. - 1388.
11811111. - 12181. 13. mn. —
1338, 1. 83. mxu. -· 11111 1288. l.
188. 81111. - 11111111. 0111318. 11.
17111.
-111111111338, Ι. 333. cmiv. —
1381. 1. 338. ccxlix.
- inferior 1381. 1338. 8811111.
-1111311 1188. 1. 13. 11. -— 11871.
3811.
- 81, 8111111111111 1371. 1. 188. CXCV.
- 81, lingo 1381. Ι. 338. 8811111.
- 81, 1111111111381. Ι. 377. 88811. -
1312. 11. 3111111111.
- 81, 81111111111312. 11. 38111111.
81111111 Paul 1317. 11. 17. 1111.
- 111118, 11111811 1317.11.17.1111. .
811111811118111383. Ι. 188. 8111111. ·-
1388. 1. 187. CLXXIX.
-— 11 81811. 81111811, 11111 1388. 1.
1788111111.
- 1111111 1338. 11. 187. 8111.
- 81, 1111111811 1388. 1. 187. 81111111. -
11111 1288.1. 178. 81111111.
- 81, kunigunda 13881. 1818111111.
- 11111 1388. 1. 178. 8111111111.
·- 0111111 uxor, 11111 1388. 1. 178.
81111111.
- 81, 811111 1388.
summer 1111111 1331. 11. 71. mv.
Sunnberg 81, 1111181111 1331. Ι. 371.
cccvii. - 1188. 1. 378. 88811.

 

