npeim'oister 1311113111, 31131 1333. Ι.
113. 033. - 13731. 111. 03333311.
-1373, Ι. 333. 00313.

3111311313311111338. 11. 313. 00333111.

-11111111311 1338. II. 313. 00333111.

- 1111111 1383. 11. 373. 0003311.

- 11131311, 83111 1333. 11. 373. 0003311.

- 311111, 3311113311, 11. 373. 0003311.
831131331131· 3331131311 1333. I. 333.

00333333.

Spalatum 1333173. 33311.

3311119111 311 311, 3333313131111311113
1333. 11. 313. 003111.

31111131113111 3113111311 1333. I. 311.
003313.

31311311131111 Friedrich 1331. 11. 73.
3333.

3113331311, 1111331111 1137. I. 33. 33111.
- 1333. II. 333. 00313.

- 33, Agnos, 1111111111 13113. 11. 333.
00313.

- 33. 3311131311, 111113111111311311.
1333. II. 337. 003313. —- 133311.
317. 003111.

- 31, 11113311, 311131 1337. 11. 377.
003111.

- 33, 3133111333. 11. 337. 00313.

- 33, von 1377. II. 313. 003333.
3111133131 11131311 1333. 11. 333. 003013.
8113311133, 31111311, 31111111 311131 1371.

I. 133. cclx,

8113311111· Potor, 331111 1338. 11. 133.
0331.

- 3131111, 331111 1333. ΙΙ. 133. 0331.
-1311113,1113111. 1338. 11. 1330331.
8113111131 3111131131 13311. 313. 00031.
311131 13111111 von IIIdIIng 1331. 11. 373.

003313.

8111313111 Peter 1373. 11. 333. 00333111.

3113111 133311. 131. 03.

3113111 1333. I. 311. 00333.

811111111173.1. 11. vm.

3111113133, 111113, eirea-¹21⁰. I. 13.
mm,

31111131 1131111131 IIII. 1333300311.

31111131-113113 111 manag-184³. II. 133.
0333331. «

3111311111-1111133131311131111 1333. 11.
333. 003311.

8111131111δί11311 1333. 11. 333. 003311.

31113 3111111113 1331. 11. 73. 3333.

331

3111· 1111111111 1311. II. 33. 33311.
3111111311111311.,131113 1383. II. 331.
0003.

- LudvIg 1333. ΙΙ. 331. 0003.
81111333, 1131111311 1173. I. 12. 3111.
stanneum 33, 1133113311 1331. I. 131.

0313.

3133111· 31111131 m 11331113 1331. 11.

373. 003313.

-13111111, 1111111111 In 1311131131.

11. 377. 003111.

- 11111111 1313. 11. 188. 0333331.

- 311131 1313. 11. 138. 0333331.

- 01111111 1331. 11. 337. 0003313. -

1331. 11. 383. 000333

-13111111 1331. 11. 337. eccm -

1331. ΙΙ. 333. 000333.

-11111, 8311131111 1331. 11. 337.

0003313. - 1331. 11. 338. 000333.
3133131313, 11111111. 11131 1333-1333.

31330331.

313331311131 1331. 11. 73. 3333.
8131311331 1313. I. 13. mn.
81311 31,1111111,11111·. 1333 I. 31. mv.

- 31131 1333-1333. I. 133. 0331. -

1377. 113. I. 313. 3.

- 33, 31311113,8311111131111113 1311.

1133311311.

- 33, 31311131, 3311 1311. 11. 33. mm.

- 33, 31311111, 1111131 1113101 1311. II.

3333311.

- 33, 3311113 3311131131· 1311. 11. 33.

mn.

- 31, 3111131133, ’1331131 1311. 11. 38.

33311.

- ron 3311, 1111111311, 1111111111 1311.

11. 33311311.

313111113311 1331. 1133. 3333.
3131111133131 33, 11111111131331. 11. 33.

LXXV.

3131131333, 3111111111, 3113113331. 73.

3331.

8111111331110311113 1331. 11. 133. 0313.
8131133133, otto 133311. 113. 0331.

- 111111, 1111111111 1333. II. 1130331.
81311131· 1131111131 1333. 11. 331. 0033111.
8111111113 111 0111113311 1333. II. 137.

03333.

-1333, 11. 313. 003111. - 1333. ΙΙ.

333. 003013.

3131131111 13331. 373. occu.

 

