415

33133133133133 13113113131331 13311313113133, 3133333 33131133 133
frumen 13311 33131133 331133, 313 13 331 133 31133131 133 331 31331
3113331131131, 331 133 3331 3131 133 3333333133 3313313, 331
31133 133 rechten, 33 131 13333 3313311133, 333131333 331 3331313131
133131133133, 133131 3331 3313 33133 133133133331313333333
31313 33333331, 333113331331333313133. 3331 33313333 331133 in
1131333 33333. 33333 3133 311333333333333 3313 131, 133 113
3313333133 331311313133 33333 113 3333333131 133 3133333133 3313313
3333133331333 133 3333333133 331333 herren, 13313331333133
333 Ν31331333, von 133 13311333 1333 13333131313131. So sol 113
331, die 13113 13333 33133 131, 313 3333333131133 3131, 3331313131
3131 331 3333133133 13131133. 1133313133 31 13313 3131331133
33113131133333331133, 33 331 1133333333131133 3313 3313133313,
331 331 131 3113 33133 recht an dem 3333333133 33133113133 33311,
313 131 313 13333 331311133, 33 31133 313133, 3311333133 33 311 131
13 133 1313133 31333 3333 3331331 133 3331, 33331311133 3113313333
133131133131133133 33333331331311, 13131133133331313 333 11313333
31313133 8313313131 33133 331133133133333131131 13 osterreich
331 31133133 01333 1331311, 1333111333 von 0113331313, 113133
3331 333333 3131 311 133 13313113. Der brief 13133133 33 1113333
3331 11131313333331 113331331331331331 1333, 1333331 13 133 3113313-

313133 1333 33 333333 133333 110133 1313133333.
original 33113333333131133318133313, 133 131113 13111.

XV.
1111, 21 lugunt, lamberg. — Friedrich Buryyraf 333 Ν1331333 3113311331

¹ 1333 Ν333331313313381.111331333 zu Wien 133 1133331313313013331333- ,

’ 11333 33 ornem 231331 33 8313313131.

Wir Frr'derick 333 33133 33313313333333 33 Ν333313333,
11313333 331 133 1331 3133113133 311 11333 1311, 133 313 3311331
33131131, 311 33133 11313 331 331313311333, 133133 33333331331
3333331331 311 333113 11133 13113, 133 33333 3333113133 133333 . .
133 1111113313 331 133 83333333 3333131131 133 1111331333 33 3331
1133133, 333333 331333 33 111333, 3313333 333 133 3131, 331311331333
1133113333 3311113133133 33133133, 133 13 3313333 131 33 83313-
wart, klein 331333333, 33 113313 331 33 33113, 133331133 331
33133331133, 31131133 331333333313333333, 33 133 3313333, oder

 

