81118811, angiae 11111111 umorum
11 novo [111111 1888. 11. 178. 08111.
Seu 11111 1188. 1. 187. cmlx.
818111 1188181. 1808. 1. - 1188. 1.
111. cmv,
- 81111 8111111111 1111111 1111811 1178.
1 118. 88111111.
- 81., nomm, 11111111 mi· 11
81111, 8181311111111188. 1. 188. 08111.
81111118111 1878. 11. 888. 8081111.
811111 1811. 11. 11. 1811.
81111 11181. 118. 011.
Sitha-brun, 11111 1178. 1. 8. 11. -
1188113. 1. 818111.
- 0111· 1188. 111. 1. 818. 111.
- 81111- 1188. 1. 170. 880111.
8118111111111 1111111111 1888. 11. 188.
0111111111.
3118111111111 1111111111 1811 11. 88. 1811.
- ulrich 1811. 11. 88. 1811.
811811111111 81, Gemma, 1111111181.
1. 80. Lm.
- 81,811111111881.1.81.8111 -
1818. 11. 87. 8111111.
- 81, nanticus 1181. l. 81. um
— 81, 81111111 1881. ΙΙ. 81. unm.
- 11, 111111, {laudm 1888. 11. 88.
8111111.
81118811, 81111. v. 8131118111 1817. 1.
88. 111.
8111118111 8111111 11111, &mnf 11
1111111111111 1818. ΙΙ. 187. 8811111.
siege-tem, 111111178. 1. 811. - 1810.
111. mli. -1188 881. 8111.
- 1111111181111 - 11811.
1011.
·- 81, 11111111 1188. 1. 1. 1
8111111811, 111 11 Bullinum 1188. 1.
118. 081
81111811, 1111111111 1188 - 1118. 1. 1811.
- orphum, propu- 11 1111111 1118.
180. 11111.
- 11111111 11 111111 8111111111 1181.
Ι. 118. 81111.
- 11111811, 1111111-81111188. 1181.
0081.
- 11111111111 1108. 1. 188. 00011111.
- 11111111 eurio 1111111111· 11 1111·
1111111111 1888. 11. 818. 00111.
sirm 1181. 111. 1. 881. m. - 1818.
11 118. 8111.

188

8111113,1111811- 1881. ΙΙ. 1110181.

- 8111- 1881. ΙΙ. 111. cm.
Sigolbeek 81111111 1818. ΙΙ. 107. 0111.
881111 11 1111111111 111111111171. l. 181.

01011.

8131111111, 111111 1811) 118811. 7. 1.
- 111111111ὺὶ81 11 papo-itus 81. 181-
111 1108. 1. 11. ml.

- 181 m flossigonkrouz 1181. 1. 188.

0881111. - 1188. 1. 111. 00811. -
1188.1118.00811.-1188.1.118.
0081111. ·- 1188. 1. 117. 08811111.
- 1188. 1. 818. 008111. - 1188. Ι.
180. 80811111. - 1188. 1. 181.
88811181. - 1188. 181. 1. 817.
1111. - 1187. 1. 181. 008111. -
1187. 81880881111. - 111111188.
Ι. 188. 88811111. - 1188. Ι. 188.
ccum. - 1188. Ι. 180. 0081111111.
1180. 1181. 0818.

81138111, 181 r. fleiligonkreu (1188.) Ι.
8811880111.

Simon, 81111. 1. 8111111181111108. 1.
8811111. - 1117. 1. 81. mvn. -
1117. 1. 81. 1111111. ·

- 11111111. 1111111111 1818. ΙΙ. 111.

01111

- 1811.1111111ς1888.11.187.0811

- 1111181111 11 0111, 1111111111 11111-
1111111 1811. 11. 101. 181111. - 1881.
ΙΙ. 1011011. - 1811. 11. 188. 8.

- 1111101111 81 0111 1878. ΙΙ. 887.
08101.

- 111 8111111111 111 811811 1881. ΙΙ.
181. 811111.

-118811111111 1881. 11. 181. 08111.
-118111181111818 11. 188. cmlx.
- 11 filiu· 1111181 1111111 1878. ΙΙ.
818. 00101.

- 111 8111 Anger 11 8111111818. 11.
188. 081111.

8111111118 1871. ΙΙ. 188. 0081111

81111113 1178. 1. 1110811111- 1880.
11..181. 001111. - 1888. 11. 178.
80811. - 1888. ΙΙ. 188. 80811. -
1878. 11. 181. 00811. - 1870. 11.
188. 008111. - 1871. 11 188.
8081111. - 1808. 11. 888. 80011111.
- 8181811111 1188. Ι. 118. 0081111.

8111111113 81, 11111118111811. 11. 88.
1111111.

32·

 

