002

8111111111, 1111111 ιιι 0111111111111
1322. II. 81. 1110111

8111111111 11, 1011111111, 11111 1270, I.
170. 0111111

811111111270. I. 300. 0011.

8111111111 1111111111 wahan-burg 1320.
1100111101.

81111111111111 1070. II. 310. CCCXXVIII.

8111111111 11, 01111111 1270. I. 210.
00111001.

81111111 1130. Ι. 3. 11.

8111111, Prior 11 0111111 1077. ΙΙ. 310.

00111101.

- 11111 11Ιί1111111 1881. 11. 300. 00011.

- 0., 110111 1. ungam 1270. Ι. 172.
0111101.

- mem.. Herzog 111 811111 1300. ΙΙ.
101. 0111- 130011. 230. 00110.
- 011111, nem.. 11111111. 011111 1308.

II. 230. 00110.

- Herzog 11311111 1371. 111. II. IIII.

101.
- 111 1111111111 1310. II. 108. 01010.
8111111111, 81111111. 1. 0111111 12721.
180. 0100111.

- 31111. 1111131111 1217. I. 02. 111011.

- 1317.1. 01. 1110111.
- 31111. 3111111111ωο 1308. 1. 287.
000111.

·- 8111101111111111300. 11. 211. 000.

- 11111111 11111 1311. II. 32. 1110.

· - 0111121011. 0111011.

- 811111111111 1111112001. 3011011.
-3111111111,111111 01110111 1208. I.
30111.

-1111111208130111

·- 811111111111111111233. 1. 81. 1111.
- 11111 1200. Ι. 102. 011111.

- Habent, Herzog v. 311111130111.
21. 1110.

- Magister 1111111111 1327. 11. 118. 0111.
- 81111 111111 1210. I. 102101.

- Iun 01111, 0111111111 1011. II. 31.
1110.

81111111111111, 21111111 1011110111. 11.
181. 011111.

- 1111111111, 31111111 1313. 11. 181.
011111.

suniae 1001. ΙΙ. 200. ccxxxix.

8111111,111111, 01111 1011. ΙΙ. 31111οΙ1.
- 1817. ΙΙ. 203. 0100111.

8111111,111111,11111111300.11.217.0011
811111 12011. 120. CXXII.

8111111, 0111111111 1310. 11. 10. 1110.
8111111 11, 0111111 1100. 1010.

8111111 111111 1321. ΙΙ. 701110.
8111111111 1000 11. 228. 001011.

- 0111108211. 301. 0000.
81111111111, 1111111111 1200. 1. 7111111.
81011Ιοί1 Friedrich 1010. II. 208. CCII.
81111 1111111111 111111, 0111111111 111111

1200. I. 31. 1101.
8111 11111111 1310. 11. 20111. ·- 1312.
1130111111.
8111111111, peregrinus 1321. 11. 07. 10111.
8111111, 111111, 01111200. 11210. CCIX.

·- 111111, 1111111111 1203. ΙΙ. 210. 0011.

81111111 11111, 1111111. Romaim 11
1111181111. 11283 001011.

81111111 1111111111 1218. I. 110. 011.

1111111111111. 811111 1301. 11310.
001011.

- 1111111110111111111.

.. 1μ1,111111111311.11.311001011.

- 1111111111, 01111111 1001. II. 310.

001011.
81111111111201. Ι. 120. 01101.

- 11, 011011112011. 128. 01101.

- 11, 11111111 1201. I. 128 01101.
8111111111111, 111111111 1130-1210. I.

2110111.
-11,1111111111200. Ι. 32. mv. —
1207. I. 08. 1111. - 1270. I. 222.
001111.
81111111111111, 1111111111 12701. 222.
001111.
811111111111118111, Friedrich, 1111111-
111 1328. II. 110. 010.
-1111111111, 8111111111 1303. ΙΙ. 220.
00111.
- 1111, namma 1302. II. 220. 00111.
- 0111111, 111 011111111111 1303. II.
220. 00111.
8111111111 11, 31111111 1310. II. 10. 11011.
8111111 111111 1380. II. 330. 001011.
8111111111 10111 1338. 11. 130. 0101.
8111111 zu 0111111111τί 1807. 11. 237.
0011111.
8111111111, 01111111 1201. Ι. 128. 01101.
81111 0111111 1100-1210. 1 2010111.-
1100-1210. Ι. 27.111. ·- 111111270.
Ι. 170. 010.

 

