1193199119 111, 1119111111, 1191111191
111111111999. 1. 999. 9991111.

9111311119 91, Heinrich 1999. 11. 991.
991111.

911319911111191111911971. 1. 199. 9911.
- 1999. Ι. 999. 99191. - 1999. 1.
9999991111. - 1999. Ι. 91999919Ι

9193111119 91, wernherus 1999. 1. 79.
911.

911111. 911111. 9119. 9. 1119911 1119-
111111 1919. 1. 19. 111111.

- 11. 9111191119 1991. 1. 191. 9911.

9191119119111111191971. 1. 179. CXCV.
- 9111919111 ob 9119 1111111113 111111-
11111919. 11. 99. 91111.

9191111911 11911991 1997. 1. 99. 911.

- 91191191 1. 1111111 1999. Ι. 997.
999111.

919111191919. Ι. 119. 911.

·- 91 1971. 11. 999. 9991111.

9191919111199-1999. 1. 99. 11. -
19991. 1111. 91911. -1999, 1. 999.
11199111. “

- 91111191 1911111 1999. 1. 999.
999111111.

“ - 111111991119111 1191191191 19 11-
1119 19991. 99. 9111.

- 1111919111. 11 91191991 novae 1111-
11111 19991. 91. 9111.

- 1111911111 11 111119 1999. 1. 99.
9111.

- 1111911191 19 91911 1979. 1. 999.

, 99191.

9199919, 1191 11 1111113111 111191 1919.
11. 179. 991111. - 1919. 19199.
991111. - 1919. 11. 1919911111.
1919. ΙΙ. 199. 9911111. - 1919. 11.
199. 99111111. - 1919. 11. 199.
9911111. - 1919. 11. 197. 919111.
1919. 11. 199. 91911.-1919. 11. 199.
9191, - 1917. 11. 117. 919111. -
1917. 11. 991. 9191111.

9191191911 111111· 1991111 19 11111131911111
1999. 1. 119. 9917.

- Prior, 9911119191119 71119 19991.
999. 991911. - 19991. 999. 99191111.

9199919, 911911, 1111111119 9111111119.
19991191.

9199919111 111. (19991191) 1199. Ι. 1. 1.
- 91911. 11. 1111111 1199. Ι. 1. Ι.

- 11111919 11991. 9. 11.

169

9191191911111111111111111, 11111. 1. 911111-
111111 11111 1179. Ι. 9, 71.
-11911931, 911111. 11111 1177. Ι. 9.
1111- 1111. 1. 11. 1111- 1111. 1. ’
1911- 1197. 1. 17.111.- 1199.
Ι. 99. 111. - 1199. 1. 99. 1111.

- 111113111, 11111 1199. Ι. 1911.

- 1111193 v. 9111111111 1197. 1. 99.
11111.

- 1111193 v. 911111. 11. 91111119- 1999.
Ι. 91. 111111. - 1999. 1. 99. 111. -
1191. 1. 11. 111111. - 1191. 1. 91.
1111. - 1999. 1. 19. 1111. - 1919.
1. 17. 111111. - 1919. 1. 19. 11111.
-19191, 99191. -1999 Ι. 91.
91.-1999. 1. 91. 911. - 1997. 1.
99. 91.

- 111113111 1. 911111. 1999. 1. 91.
9111.

- 919991991911999. Ι. 99. 1111. -
1919.1.19.1111’1.-1919.1.99.1111Ἰ.
- 9911111199111 1919. Ι. 99111111.
- 991111111999.1.9113. 991. ΙΙ.

- 191191 1999. 1. 1113. 991. 11.

- 911111 1999. 1. 99. 9111111.

- 1111111111 19991. 199. 9911.

- 111111111111 1. 177. 9191.

- 19111 1977. Ι. 999. 9911111.

- 111191 1111111311 1999. Ι. 999.
9991111111.

91911919 9119191111 1999. 1. 997. 99191111.

9199919111111911111111111111199911191111.

1111111111119111111. 11. 11. mm.
- 91191139111111191911311 1991. 11.
71. 9111.

- 9111 91111 11111 1991. 11. 71. mv.
- 19 911 1191111, 99119 191911. 199.

991111.
91999191991111 1119199113 19 9119911919

1999. ΙΙ. 99. 911111.

9191919 Alban 1. 1119 9111911 1919.
1193. 11. 191. 199. 11.

9119119, 9119. 9. 9191311 19 1111991 19-
reum 1199. 1.9.111.

91191119199 99199199 1999. 11. 979.

9991111.
-131111, 1111111119 1999. 11. 979.

’ 9991111.
911111191,991111119 1999. 11. 919. 99111.

91991119911 1919. 1. 59. mvn. - 1999.
1. 115. 91911.

 

