IIoIorIIng 81, 81111811 1121. Ι. 2. 1.

- 8111811188. 1. 2. I.
mimi-gon 81, 8111118111,11111 1188- I.

88. 8811.

11111111 81, 8111, judex 1118111181 1288.
1. 188. 8888111.

-81,81111288. Ι. 118. 88881.

- 81, 8111 11 111111 8111111111. 1188.
1. 21. 881.

- 81,8111,111111 12881. 188. 8888111.
11111111 8111111 12211. 11. 188. 8111.
81111111, 81118. 8118. 88. 1111111111 Pauli

1187. 828. 88.

- 8. 8. 11111111181111,111. 1111111811
1188. I. 18. 8.

1111111111, 81111. 811111Ιί8111 1828. ΙΙ.
121. 88811. ’

111181 1227. I. 88. 881.

1811811781. 11. 8111. - 1218. I. 18.
mvl. ·- 1228. Ι. 78. LVII. — 1228.
Ι. 71. 818.

81111111 propo& 11ο111111111111 811111
1288. I. 81. 8881.

8111181811181821. 11. 78. mv.

11111111 11111111 1821. ΙΙ. 78. 8888.

111111118111 11111811 81 1282. 1. 188.
8888.

neruum· 181181181181, 11111 1182. I.
12. 18. - 1187. Ι. 17. 811.

- 81, 81111111, 11111 1182. I. 12. 18.

- 8111111 1888. 11. 111. 88888111.
8111111111 81, 81111111 1288. Ι. 118.

881.

- 81. 81111111 81 dono 1111111111,
8111118. 818. 1281. Ι. 181. 8818.
-111111111 81 1288. 1. 118. 881. -
1288. I. 118. 8818. -1282.1. 188.
88811. - 1288. 1111. I. 818. 8111. -
1288. Ι. 188. cum. - 1277. 8288.
88888111. -· 1288. I. 221. 888818.
- 1288. 8288. 8881.

1111111118 81. 8111111 1812. 1888118111.
- 81, 11111, 81111111 1812. ΙΙ. 88.
88111. - 1818. 8. 82. 888111.

8111111181, 8111111 1818. 11. 82. 888111.

175

811111111181811111888. 11. 288. ceux.
- 1111181118111888. ΙΙ. 288. 88818.

811118111111181821. ΙΙ. 88. 88818.-
1811. 11. 177. 888818.

1111111811, Prior, 81181118111112821
188. 88818.

8118111811 1111111111, 811111811311 1282.
11. 188. 881.

- Agnou, 81111111 1282. 11. 188. 881.
81111111 81118111 1888. II. 2888888881.
1811111111 1281. I. 127. cmv.
8111111811 12781. 211. cumn.
11118111, 1811811181 8181 1821. ΙΙ. 72.

8888.

· -11811818111111111111 1821. ΙΙ. 88.

mv,

- 111111111288. I. 81. ml.

- 811111 11 8118 1821. 11. 188. 8818.

- 811111 118118 1818. 11. 88. 881.-
1821. 11. 88. 88111. - 1821. 11. 182.
888111 - 1821. 11. 181. 8.

- 811111, indulgentia 1811111111 11 1111-
1131111111 1828. 11. 122. 88811.

- 81., 1181111111 11 mingentem 1888.
II. 128. 8888.

- 1118818111, 8118111818. 11. 181.
8888881.

- 81111111181111181111881. 11. 887.
8888111,

- 811· 8111811111 11. 8811111111-
1111 11 18111 1882. 181. 11. 128.
88.

- 181111118111 1888188117. 8888111.
- 11118111· 111 ,81811 1888. 11. 888.
8888888111.

811811 811 8811111 1882. 881. 11. 128.
88.

8118181111181, 1811811111, 11111 1178. Ι.
8. 81.

- 81, 811118 1888. 11. 18. 8811. -
1888. 11. 28. 88111.

1111818111111181, Agnes, 811111111888.
11. 18. 8811. - 1888. 1828. xxm.
811818111111, 81. 81111118 11 111111111-

11111 1888. II. 188. 888818.

-1181111, 8181 1812. 11. 11111111.- 1111181111111) 1821. 11. 71. 8888.

1818. II. 82888111.
— 81, ulrich, 81811 1812. 11. 88. 88111.
1818. II. 82. LXVIII.

1811118118 81831111811178. Ι. 12. 8111.
-118111 81 1178. 1. 12. 8111.
111111111181111118 1811. ΙΙ. 1778881118·

8111181381, 8111111111, 11111 1288. 1. 81111118111,1111811181(1) 1888182112.

121. 888.

ccxxxv.

 

