389

1 fur 911911 191 9931911 19119111 pei iren 1191111, 919 91 19199111 9911911, 1199
3 91 199 weingarten 3999119111 191 39991911119119111; 1199 91· 1111113
1 11119111 11911 991 1111 919111 19111. 1191119911 pat 91 1193911, 1199 1991111191.
¹ . 119 3911 11931911119111 seit 119 911919199119111191113911911 3999119111

1111 3999119111 11191911 1111 99911191191139993111919139111911 11911911,
199 91111111331119111 11911 11911111 1911911999911 3111111991 191 191·
1119111119 1111 119 11119311 1191311931, 9191111 mir 11191119 199111 3911911,
199119191391911; 191 99111911 in des weingarten 39991113 1119911911, 191·
1999119199111911 frumen 99 9911191 11919 9191199111 99119199 1911 19191199-
1911, 19111919911911 1111391199, 9119111 9199119111 9119 11191139. Vnd
91911 ich 99111 1119111 913911 11191391 11911, 891191 1911 3939199Ρ911919 199
19111919199119119119119199119111911911911113, 199 91199111191 191·
91391 911 11191991 91911111 119119 999139391911819311991911 flamm,
199 91191 99911 39119931911111991119111 11191391, 1111 99 99119199.

1191 111191191 391199 nach christi gepurd 1199119199 11991911 191

191 119911 111 1919111191 991911131919111 191, 199 11931939 119911 99111
119119 1193191919 193.

01131191 991 Ρ9139111991, 1999911 11191 819391 1911911.

CCCXXXI.

1111911111 - Paul 191611991991111911 1191· Ama· 119111399119919111
1919919199 1911191991 und 99199 11991119 auf 119 19991191 39193919 Malae
1919911911. ’

1911 11991191 69199119131911 1111 199 111111 911911 199, 119 1911
111191 1999111 9191 11919111 19991, 119 nu 19119111 191 1191119911 11111113 91111,
1191911 1111191191 11919919111911 3919111 11111911 1111 311991, 11111 1191119·
1991119111 mut zu 1911911119 1911 99 1191 391911 11199111, 191 1911119119
191911911911119991, 199 91919 11911911 119111 1199119119 199 01193391
1919119111 11911 11919919911199 19119119, 199 1911 von 1111 19 191199 391191111
1199111911 1191119 1911911 39193911 19 91131991 1911991191 den 1911991199
1191199191 91199199, 199 191119 39119191, 191911 1111 1919111, 99 993
3991111919111139911111, 1919119111 9191 1199199911, wie 99 199 39119111

1911911199 9119 1911911 11111 99111113 91911991 3111991113 19 1991119111
9119, 9119191191 9119111999 91111111 9919131199 han an
der 3919119191199 1191191191119919111 1191113911 01111911, 3919399 19·
1 19111999 19 9191311911 191 91191 1911111 39119191, 199 1913911991 119111

1911911 1111 91191 191199 39119191, 191 9119 1191199111, 99 1911 911191

 

