313

11111 11111111111111111111 111, 111 1111111111 111111111111 111111
1111111 1111 dem 11111111 01111111 111 111111111111111111111111
gevam 1111111111 111 111111111111, 111 111111 11111 111111 111
¹ 111111 1111111 (1111111111, 111 1111111111111111 1111111 111111
¹ 1111111, 111 111111 11111111111111 1111111 1111111 0111111111.

11111111, 111 11 11 dem oftgenanten 1111 1111111111 11111-
111111111 111111111111111111111, 111 111111 111111 gegeben 11111,
111111111111111111111111 31111111, 111 wem 111 1111, mit recht,

’ 1111 11 11 11111 11111111111111111111, 1111111 111 1111111 1111111,

1111111111 111, 111111 111 11111 111· 1111111 mein 11111111 11111
11111111111111111 111 1111111111 1111111111 1111111, 111 11111
1111 11 111 11111111 111111 111 111111 1111111 111, 111 wir haben
in 1111111111 11 (1111111111, 1111 wo wir es 11111, wie 1113111111
111, wir sein 11111131111111. 1111111 111 11111111111 11111111111
11111111111111111111, 111111111 gib 111 1111111111 11111111111111
Bor 11111111 1111111111 mein orben 1111111111111 geistleichen
111111111111 1111 dem 11111111 0111111111 111 11111 111 1111111111
11111111 1111111 1111 1111111 111 11 11111 1111311 11111111 111

3 1111111111311111111111111111 111111111111111111 111 1111 111111

111111 insign, 11111111 111 11111111 111 1111 1111111 8111111 1111-

, giln, 1111111111111111111111111111 mazeus 111 11111111 111

Waldekk 11111 1111111 111 1111111111 8111111 1111111 Christum des
Τ111111111111, 111 1111111111111111 1111111 111, 111 11 111 1111111
1111111111111111111 111111111 111 11111 1111111111 1111 1111111
11111111111 11111111. Der 11111 11111111 111111111101111111
gepfirt 11111111111111111111 1111111 11 dem 11111111111111111-
11111111, 11 1111111111 11111 heiligen 11111111.

01111111 111 pergament mit 111111 811311,1111111111111111.

CCLXXIX.

1311, 11. 111, Uien. - 11111111111111111111,1111111111 Wim, 11111111
1111111111 111191111111 einen Weinyorten 11 111αῇ111111

111 1111111111 111111111111111111 ze 1111111111 111 11111111
111111111111111111111111111111111111111111111111111111111111,
1111 11111111111111 1111 11111111111, 111 11 1111111111 hernach
1111111111, naz 111 1111 1111111 111111, 1111 1111111111 1111111
mit gesampter 1111, 11 1111111, 11 11111 1111 31111 11111111, 111

1111111111 111311111111 1111Ρ1111111111 1111111111 11Ρ111111111, 11

 

