918

9110100, 01110 01 100000 90011000 1374. II.
999. eccm.

- 10 100 111000900300 crucem 1943.
11. 199. 0911111.

- 1101194311. 199. 0911111. - 1349.
II. 1910110111.

- 10, 9101000000 1279. Ι. 199. 00111.
-10, 9011001000, 91100 11791. 199.
00111.

- 10, 101000 1392. II. 994. 00011.
-10, 9000011000, 001100 1239. 1. 99.
9111111. - 1139. 1. 199. 91111111.-

1944. I. 199. 011. - 1949. I. 119 clx.

- 1199. Ι. 119. 01111. - 19991197.
01111. - 1199. 1. 199. 011111. -
1979. I. 199. 00111.
- 10, 911010 1939. 1. 199. LXXXVIII. -
0000. 0. 000. 0000.
- 10, 9000010001 1392. 11. 394. 0001.
- 10, 01010001974.1. 192. cclx.
- 10,1101130031397. 11. 931. 00111.
- 1399. 11. 991. 00111111. - 1399.
11. 999. 0011111111. - 1374· 11. 299.
009111. - 1379. 11. 399. 009111111.
1110110010οἰ 10 1999. Ι. 949. eccm.
91101103, 9003 1399. 11. 9. 11. - 1399.
ΙΙ. 997. 0011111111.
11101019010101010 1399. 19939. 001111.
- 10, 00101100 1199. I. 24. 111.
- bei 91. ulrich 1391. 11. 99. 9111.
11101100· 90400 000 91090109001394. 11. 392.
cccx. ’
- 90100, 9003009100 1379. 11. 313.
0091111.
- 9100101100, 1100001000 1394. 11. 399.
0001.
winter 1399. 11. 991. 001111.
- Heinrich 1374. 11. 392. 0091111.

1110100ος 10, 110001000, procurator 1999. 1.
147. 0911.

1110110010ιο 129191. 292. cccxvi.

91101100 3000000 1999. 1. 993. 000111.

1110101010οο 0110 000 9011100 1921. ΙΙ. 79.

9111.

1110001, 1101001011090100

- 901001333. 11. 199. 0911.

- 9001000100100 1391. 11. 79. 9111.
11100010 1977. 1103. 1. 319. 111.
91101010 000190 1297. 1. 139. 019
1110101000 9911100 1399. 11. 273. 009.

- 9110000110, 1100001000 1399. 11. 173. 009.

11101000, 1101131111. 11. 973. 009.
9110009001, 0001100300101379. 11. 399.
00101.
1110003001 134911. 199. 010.
11110000 1110101 1319. 11. 44. 191111.
wimundus 10. 1000001400, 01000 1179.
1.9.v1.
111113, 100· 9100100000οα 1311. 11. 31.
11111. - 1311. 11. 99111111.
11100901 000011 1000000. 010001939. Ι. 79
9111.
11900000010011101001000, 1109100101. 1999.
1411111.
mn 11000010οΙ1 10 accen 001 9109901100
v. 91000. 1199. I. 199. 091111.
910300ἰο 1993. 1. 197. 091111.
1100110011100130010 10 100 91 1391. ΙΙ.
79. 9111,
11011900 0100 1110100 1999. 1. 197. 00101111.
11011000101010, 90101100 1199. 1. 24. 111.
11011300· 00090000011001000 4391. 11. 74.
9111. ,
110113οῐ0 1919. 10100001.
1101130000, 9001001001 1199-1193. I.
9911.
- 1110010010. 900000 19991. 31. mv.
— 10100 90000011 Im I. 9919000111
1101130001001 10 91101000, 100100 19991.
992. 00101.
- 10. 91101000 1299. 1. 299. 0001111.
- 10, 110000000ου1999. 1. 147. 09111. -
1293. I. 999. ceu. - 1993. 493. I.
319. 111. - 1299. 9999009111111.
- 1999. 1. 193. 0091111. - 19891.
999. 0091111.
-10, 0101000 1997. 1. 39. 1111. ·-
1197. 1.139. 0191. - 1142. 1. 199.
0911. - 1999. I. 197. 09111. -
1999. I. 999. 0001111.
- 10, 0101000,100100 1999. I. 993. 00101.
- 10, 010101, 900101001οο 1391. 11.4.11.
- 1391. 119. 11.
-10, 1100010001υο 1999. 1. 199. 0911.
’ - 0000. 0. 000. 00000.
11οΙ19001 Bu, 90900100· 1339. 11. 199.
0111.
- 900300101001331. 11. 149. 0191.
- 110 1191100010 1321. 11. 71. 9111.
110111001101333.11. 199. 09111.

110111000100110, 00000100 1999. Ι. 199.
0911111.

 

