1111, 111. lm, 'lot - 1111111111 111 Reuehat 1111 1111111111 uim
Hmftu, wrkmfen 1111 111111· 1111111111111 drot· Psund Pfaem'oe (11111
111 8111111111111.

111Ρ111111111 111 1131111111 111 111 11111111(111)1111Η111111111
Wir vergehen 111 111 11111 11111111, 111 11111 11111 111111 1111
1111111111, 111 nv 1111111111111111 ehvnstieh 1111, 1111 1111111
mser 1111111111111111 111 guast, 111 1111111111 111111 11111-
11111111 1111, 11 1111111, 11111111 1111 11111 1111111, 1111111111
11111 111111 rechten aygons 111111 11111 11111111 1111111111 1111111
11 einen 111 1111111111 1111111111 611111, 11111 ligent 11 1111111111-
1111111 1111 halben Lehen 111 111 11111 111111111 111 111 1111111
111 111 zu 3111111111111111 11 1111, 11 111 11111111 1113111111,
1111111111111111111111, 11111 11 111 1111111111 11111111111111
1111111111111111111 1111 11111 111 11111111 11111111 111
geben 11111111 111 1111 11111111, 111 wir 11 11 uigens 11111111
111111 11111, 111 ains 111 11111ιὶ11 11111 1111111111111131, 111
wir 11111111 11111111 1111111111, Den orbern (111111111111111111
111111 1111111911, 1111111111 111 1111 111 11111911 0111111111
1118111111 111111 111 selben 011111111111 11111111 1111111111
111111 1111111111111 111 1111111111 1111111111 11111111 111111
11 mit 11 11111111, 1111111111, 1111111111 111 geben 1111 11 1111111
11 11111 1111111. 1111 111 1111 11111 111111 111111111111 1111111111
111, 111 Ρ11111111111111111111111111 11111111(111)111111111111111
111 1111 11111 11111 111111111111111111 1111 111 1111111111111
6111111111111111 apt Wulfinyen 1111 111 heiligen 0111111111
1118111131 911111 111 111111 1311111111 111 11111 111 1111111111
111111111 11111111 111111 1111111 11111111, 111 111111 1111111
111 111 Laudes recht 11 osterreich. 1171111111, 1111111111111
11111 111311111116111 ze 1111111111111111111111111 1111
11111111 1111111111, 111 111 111 11111, 111 111111111111111111
111 1111 111 11 alles 1111111111 111111 11111 111 11 allen 1111111111,
111 1111 111111 111 11111 111111 111 111 11111 111111 eat, daz
wir 11111 in dem 11111 1111111111, wir sein 11111111111111111.
111 111 diser chaus 111111 1111 11111 111 1111111111111111111, 111-
11111 geben 111 in 11111 11111 1111111 offen 11111111 111 11
11111 waren 3111111111 zu einer ewigen vestnungo diser 1111

11·

 

