¹ 464

61111 1111111111 1617. 1. 66. 111111.-
16111. 64. 1111111.
satu 116111 1111611161 6111111116111,1ἰ111

16761. 176. cmxix

11601611 0111111111, 111111 1666. 1. 166.
0111111.

1111116 Heinrich 1661. 11. 666. 001111.

11111111 116111 1674. 11666. 001111.

11111161, 61111. 1111111111 16661. 66.
111.

1111311611111111111111666. 1. 611111.

1111111111, 1111111111666. 11. 646. 00111.

1141111113 do, 1111101111 1666. Ι. 164.
0111111.

- 61, 0111116111, 1111111111. 1111111113
1666. 1. 666. 001111.

- 6161111111166611610111111.
-111111111,11.111111111ῑ 1666. Ι. 666.
001111.

1111111111 16661. 116. 01111.

1111111113, eim 1616. 1. 17. 11111. -
1616. 1. 6611111.

1111111111 1664. 1. 666. 00111. - 1666.
1. 661. 00111116. - 1666. Ι. 166.
01111. - 1666. Ι. 166. 01111. -
1666.1. 141. 011111. - 16661. 146.
01. - 1666. Ι. 144. 0111111. - 1666.
1. 146. 01111. - 1666. 1. 666.
00111111. - 1664. 1. 677. 0001. -
1666.1. 676. 000111.

111111 61, 1116111111 1666. 1. 646. 0011111.

116111111111111111, 611111, 0111 1666. 11.
666. 00111.

- 11111111, 61111666. 11. 666. 00111.

11111111 61, 1111111111, eim 1676. Ι. 176.
010.

111111 1111161611 1666. 1. 146. cml.

11111111 0611116 1661. 11. 76. 1111.

11111111 61, 11111116 1666. 11. 686.
0001111. - 166111. 666. 00011116.

111111111161,111161311 1666 Ι. 166.
0111.

1111111111 61, 111111 1674. 1. 166.
00111.

[1111111111 167611. 666. 0011111.

11110111 1666. Ι. 76. um.

41111111111111111 1664. 1. 666. 0011.

satta uxor Rapotonin 1674. 1. 166.
00111.

111611, 6111311111 1111 61611111131 1666.
11. 666. 001111111.

11111611 1111111, nem. 1666. 11. 666.
0011111.

11111161, 1111111111 1676. 11. 666. 00101.

1111116111 1666. ΙΙ. 666. 00111.

1111161111 1666. 1. 666. 00011111. -
1666. Ι. 76. 11111. - 1661. 11. 71.
1111.

11111111111111 111 1111111113 1666. 11. 146.
0011111.

1111111111. 6111111111111116111 1111111111
1111111111 1661. 11. 146. 011111.

- 111111117011111111111611111111644.
11. 166. 0111111111.

unt-pann. 111111. 1. 1111111 1666. 166.
m

111111 von 11111 1616. 11. 466. 11.
-11111111111 611 1111111111 von 61111111
1616. 111111. 46611.

- 611111111111111111111646. 113. ΙΙ.
461111

111111611111611111 1661. 11. 76. 1111.

1111111111 11111116 1664. 11. 161. 01111.
-11111111111 1677. 113. 1616111.
- 0111116111 1677. 1113. Ι. 616. 111.
numberg 1666. ΙΙ. 66. 111111.
11111111111111111166611. 666. 001011.
111111,11116 11116 mem 1661. 1176.
1111.

1111111101111111, civis 61 Bne& 1674.
1. 166. 0011.

- 01111611, civis 61 6111111674. Ι.
166. 0011.

1161110111 1666. 11. 61. 1111111.

1111111111 61, 111111 1166. 1. 66. 111.

-61,11111111111166.Ι. 66111.

- 61, 61111116111166. 1. 61111.
111111 1666. 1111. 1. 61611.

11111111 061116 1661. 11. 76. 1111.
11111111 otto, 166611. 16. 111.

- otto, 611111 1666. ΙΙ. 16. m.
Kerge! stephaniam. 11. 167. 0111.

- 0111116,Ι1111111617.11.47.1111.
1111111 11111111 1661. ΙΙ. 74. 1111.

 

