117

11111111 11111111111111111111111111.11111111111111111111 1111111
sint, 1111 1111111111111 111 otte 1111 01111811, 1111 11111111
1111111111, 111 111111 1111111111, (1111111111 111 11111 Η111,
111 11111111 dem Hommriekte, ze 1111111111 1119111111111111111
1111111111111111 dez Panken. 1111· 11111111 31111111 in 111 Purger
811111111111111111, vad 111 so 1113111111111, 1111 111 11111111
1111111111 1111 111 11111111 11111111 mit 11111111 1111111111 1111111
111 1111111111111111 11111111 11111 11111111 phenninge, Vns} 111
im 111· 11111111 (11111111 mit vrage 111 mit 111111 11111111 11111111
1111111 111 geunnen 1111. Dor selben 1111 111 11111111 111111 1111111
1111111111 111 11· 111 111111111111111111 111 111111 111111 111 11111
11111111 1111 1111111111111111 1111, 111111 1111111111110111
mit 1111111 guten 1111111 11111111111111, 111 1111111111 got 111 durch
11111· 811 willon 111 durch 111111 8111 ,111911 111111111111 mit
11111111111111111111 1111111111 1111111111 111 111111 (11111-
1111111 herren 111111· 1111111. 11 111 111111 apt 11111111 heiliym
ffimtz 111 111 8111111111 gemain 1111111111 111 1111111111 1111-
1111111 1111. 111 si 111 111111111111111111111111111, 11111111
111111111111111111111 1111 11111 1111111111 11111· 1111, 111 11
111111 dem amariam, an 111111 1111111 1111 111111111111111, 11
111 1111, daz 1111111111 11111111111 111 1111111111· 1111111 111111
11113111111111111111111111111111111111111111, 11111111111111-
11111111111111111 1111111111111111111111111111. 1111 11111111
11111 11111 11111, 1111· 1111111111111111111111111 111 11111111
1111111111111 zu 111 111111 apt 1111 dem 1111119111 01111111 111
111 8111111131 gemin 111111111 1111 11111 irn 1111111111 1111111
111111111111111 11111111· 111111111111111, 1111 11111111 13111111
1111 1111111 11111 nicht 111111. 1111111111111111111111 11111-
1111111 1111 11111 111 1111111111111111111, 1111111· 11 11111 wir
geben dem 1311111111111111111111, 11111 1111111111 daz 1111
Hostum 61111111 111 1118111111 111111111111111111 11111 111
1111111111111111111111 1111111111 1111111111111111111 111111-
1118111111111111111111111111111111111111,1111111111111111111111
{uigil 11111111 111111 (1111111111 1111111, 1111111111 111 Greyffeu,
111 mit 111 1111111111 hem 01111 1111111 11111111110111111111
1111311, 1111111111 111, die diser 11111 3111111 1111 mit 111 11111111 ·
11111111 frume 111111111111, 1111111111111 1111 111111 111. 111111
brief 11111111 11 mne. 111110111111111111 11111 11111111

10·

 

