233

gut 1111111111 1111111 111 ausano 1111111111 1111111111 1111111
111 1111111, 11111 3111111 1111 1111111111, 11111111111111111111111,
1111111111 genunt ist, 111111 11 111 111111 1111111111111111,
1111111111] 11111111 11111311111111111 11111; 1111191111 1111 werd
von 1111111111 111 111111 1111111, 1111111111 11 1111 11111111 111111
hof 1111111111 1111111131 111 1111111111 1111111131 111111 emaum

111111 111 11111111119111111111111111υ [111 1113111111111111111111
ζ phenuing geltes 1111111111 1111111111 11111111 1111111111 11111111,

mit 1111 1111 111111111111111, 111 wir 11 11 1131113111111111111111
haben, 11111Ν1111111111 111111 11111111 1111111113, 111 111 311111
1111111111 3111111 1111, dem orbern 11111 1111111111111111, zu 111
111111 0111111111111111 111 11111 1111111111111 1111111 11111113
1111111111 11 onmem», 1181111111 11 0111111111 111 111 1111111
1111111111111111111111111111111 111111111111 111 1111111111 11 1111111
111 allen iren frumen 1111111111111111, 1111111111, 111111111 111
111111111ωεί wellen 11 1111111111. vnd sein 11111 wir 1111 11111111·
11111 111 Ρ11111 111 111111911111 1111 1111111111 11111111111111
1111111111111111111 111 1131111111111111111111111111113311111
111 131111111 11111 111111νοί1111 111 01111111111111111 111 111111
11111, 1111111111 1111 1111111111 gest, 111111 3111111 111 11111111
111 111 1111111111, 111 113111 1111111111 111 111 11111111 111111 1101111·-
reich. Wer 1111, 111 si 11111 111111 111111111111111111111111111111
ehrieges oder 1111111111 31111111, 1111 11 11111111111111111. 111
111111111 1111 11 1111111111111111 111 1111111111111111111111 11111-
111, 111 111111111 11111 11 1111111111 111111111111111111 1111111
gut, daz 1111111111 1111111111111 osterreich, oder 1111 wir es
haben, wir sein 111111111111111. 1111 111 11111 1111111 11111111 1111
1111 111 11111111111111 1111111). 11111111 11 geben wir in 11111 [11111 11
11111 waren 11111111 1111111111, 11111111111111111111111311 111
mit 01111111131111 01111911, 1111111 11111111111 1111911111 11111
111 mit meinos (1111111 1111111111111111111 1113111111 111 1111111111
1111111 0111111 11113111 0111111111 111 1111111111 111 1111111111·
1111111111111111 1111 1111111 Swager 1111111111 111 1111111, 111
11111111111111111 sint 11111111 1111111111111111111. Ber 11111111
geben nach (11111111111111 11111111111 11111111 111 11111111 11 1111

811111 111 sumftzigistem 111, 111 1111111 1111111 tages 11111 Mittor
vasten.

original 111 Pergament 1111 1111 8113111, 11111 111111 1111111.

 

