235

111111 lebentich 1111 1111. 111 111 1111101111 11111111111111
111 111111111111 111111, 1111 1111 1131111 1111 11111111 11111 11
11111 11111111 111111111 11111 1111111111111111 1111111111 1111ρΙ
111 mit 11111111111111111111 111111 1111111111 1111 1111111111, 111
11111111111111 1111111111111 1111311. Der 11111 111 geben 1111
11111111 6111111 1111111111 11111111 1111111111 111 11111111111

2 1111111111, 11111111111111 1110111111111111.

1111311111 111 111111111111111111 811111, 1111111111 111111.

CCXXII.

1151, 11111111 - Friedrich der 111111· 1111111111111111 11111111111111
wolf 8111111111 1111111119 11111111 auf 1111111 11111111 01111111.

111 1111111111 1111111111 111 111 11111111 1111111111 wir
1111111111 111 1111111111 111, 11 11111 brief 111111 1111111111

, 11111, 111 111111111111111111 1111111111 1111, 1111 111 mit 11111

1111111111] willon 11131111, 11111111111111 1111111 1111 1111111111
1111111111111111 111111111 1111111 1111, 111111111, 11 wir 11
11131111 11111111, 1111111111 11111 111111 1111111111111 1111111
Schiiling 11111111111111111111, 111 gelegen 1111111 111111 [1111111
1111111 1111181111, 11 11 111 111111 11111111111111 01111111
111111111111111111111 111 1111111 1111 111 11 dem 11111111111
gehoret 11 1111111111 1111111, 11111 1111111 1111111111111, 111-
sucht 111111111111111, 1111111 111111111 111; vad 11111 1111 1111
11111111 1111111 1111111111 gelts 1111 111 11111 mit einander 11 1111
1111111 tag. 1111111111 1111111 schilling gelts haben wir 1111111 111
1111111111111 111 111 1111111111 111111111111, 111 vorge·
11111111 1111, 111111111111111111111111111111 111 geben 1111 1111
1111111111111111111, 111 wir si vnuersprochenlieben in aygens
1111111111111111111, 11111 1111111111 111111 111 1111111 1111
11111 11111113111111111111, Der wir gar 111 3111111111 11111111
111 1111111111, [1111 111111 (111111111111 1111111 111111 0111111111,
11111111111111 1111 dem Heyliyen 0111111111 111 dem Conuent
1111111111111 111 11111111 Ν1111111111 1111111111111111111 111
1111111111 1111111 11111111 1111111111 111111 1111111111, 111-
1111111, 11111111111131111, swern 11 wellen 1111111111111. 1111

1111111111νεὶσή 11111 111111111111111111111111 111111111111, 111 -

111111 mit 1111111 1111111 1111111111 111111 1111911111 11113 111111
111111 111111111111 11111111111111111111, 11111111 11 111111 1111

 

