8888188 1188811888, 8888881881. 11. 888.
00018.

- 1188118818, 8888881881. 11. 888. 00018.
-118818818, 8. 111888 1881. ΙΙ. 888.
00018.

- 088888, 1188888 1881. 11. 888. 00018.
- 88881888, 8818 1881. 11. 888. 00018.

[nrm 1818. 11. 181. 01881111.

8888888 1871. 11. 881. 0018811.

881888 88, 118818818 188811. 88. 188811.

1188838888 senua 88888888 11118 1878.
1. 178. 018881111.

888818818818881888. 11. 118. 0088811.

[using 01818181 1881. 11. 781881.

187

8888888 1181181888 88 088881811888881888.
Ι. 870. 00011.

888818388118881888, 8888181888 1877.
l· 118. 00881111.

- 18181888 88, ‘sachun 1178. 1118.
008881.
11888 08881188 1888. 11. 887. 008011.
- 181881878. 11. 811. 00118181.
- 8888818111 1881. 11. 771881.
-118881888 881 8. 018181 1881. 11. 77.
1881

nunu! 881 dem 88888888 1881. 11. 78.
mv.

Kyow 88, 1181883118 18881. 1880181181.

1.

Lu 1178. Ι. 171. 0188811. - 1811. 11. 18818188888818888888188818 18781. 188.
88. 8881111. 0801111.
18888888, card. pmb. 8. 1188188 18888 - 188ςί818888888881188181111.888881,

Tiberim 1188. 1. 11. 8.- 1187. 1.
88. 81.

1888888881 1888. 1. 888. 0008811. -
1888. 11. 818. 008011. - 1881. 11.
881. cccxl.

- 88,1188881871. ι 187. 00111.

- 88, 11188188 ministerialis 1178. 1.
188. 008.

- 88, 81811818, uxor 1878. Ι. 188.
00811.

- 88,118881881178. Ι. 188. 00811. -
1178.1. 188. 0081. -1188, 1. 811.

; 00181111. - 1187. 1181. 001888.

ξ uenarum 1881. ιι. 8888881111.

118181888 11. [δαίς numm 1871. 1.
181. 0801111. - 1878. 1. 118. 0088811.
- 11881117. 0018811. - 18881.
888. 008011. -1180- Ι. 888. 0080111.
-11η81881, v. 0818888 1888. 11. 88.
18888. - 1818. 11. 88. 8011, -
1811. ΙΙ. 88. 8011. - 1817. 11. 118.
cm.

- 81888. v. 1880188888 1818. 11. 88.
18888. - 1888. 11. 8888011. - 1811.
11. 88. 8011. - 1887. 11. 118. 0811.
- 81881. v. Vuzprim 1871. ΙΙ. 188.
001881. - 1871. 11. 880. 0018811.
-1188-181811888 v. Uagam. 1818. 11.
181010.

1888811881 1888, 1. 188. 01888.

- 88118881888881878. 1181. 00811.
- chunegundis, uxor 1178. 1. 881.
00811.

- weingarten 1881. ΙΙ. 111. 00111.
188888881888. 1. 888. 00088111.
waning, otto 88, 88188888 v. 088888
1888. 11. 877. 000881.
1818888 Mergum, 111188 1888. 11. 188.
0811. ·
- 188811. 188. 01111.
1818888188, 8188181. 88188 1871. 1. 183.
0801111.
- 18.,18188.1818188188ιὶ8 1188. Ι. 887.
000881.
-18881 08818 81881888 08811881οωί8
188811. 88. 18888.
- ludex 08818 comes nitriensi· 81018-
88818888 1818. 11. 88. 8011.
- comen 08888. 8111118188818 1881. 11.
888011.
188888880188181880. 11. 887. 1108881111.
18888811188888188 88, 1188. 111. 811.
-1188188, 881. - 1181. 1. 17.
88811.
1888888883 88, 1188188188.1188888811 1181.
1. 178. 0001111.
18888888 88, 188888ς8888 1187. 1. 80.
88111. - 1880. 1. 188. 0081111.

30·

 

