1111 0111111111 1285. 1. 213. CCLXXI.

11111 Com-ud. 3113111111011111111111 1283,
1113. 1. 320. XX. - 1232. 1111. 1. 322.
XXI.

- 1111111 1311. 11. 31. XXXIV.

- 1111111111 1322. 11. 81. LXXVIII·
1111111ὴοί11 11, orturus 1283. 1. 210·

0011111111.

11111111 1111111111 1272. 1. 181. CXCIX.

111111111111111, 11111 1230. 1. 122. 0111.

11111111111 01111111 1275.

11111111110111111 1313. II. 10. XLIV.

1111111111 1111111111 11 1281. I. 230.
0011111.

1111111111111111111111111111 1281. Ahg. I.
318. XV.

11111111, 311111. 0111111111111 1311011211.
CCV.

11111111111 11781. 11. VIII.

111111131111111 1373. 11. 307. 00111111.

11111111111207. 1. 37. XXIX.

111111111111111 1337. 11. 233. CCXXII.

1111111811111 11, Otto 1188. I. 21. XVI.

1111111111· [11111111 1232. 1, 208. CCC.

1111111 11111111 1232. 1. 238. 000. ’

11111111, 3111111111111111111111 1272. Ι.
183. CXCVIII.

111111111111111111111 11101 1321. 11. 71.
1111.

11111111 11111111, 0111111111 1370. 1. 171.
CLXXXVIII.

- 111111111111270. 1. 171. CLXXXVIII.
111111111111111111380. 11. 338. 001011.
1111111111 Capitulum 13112. 11. 218. 001111.
11111111111 eive· 1317. 1151. LVII.
11111111ιυί1 11111111 Capitulum 1327. ΙΙ.

113. 011 - 1327. 11. 115. 0111.

1111111111 1317. 11. 13. 11. - 1317. ΙΙ.
13.111. - 1313. 11. 00. LXVI. - 1327.
11. 111011, - 1327. 11. 11101111. -·
1382. 11. 233. 0011111.

111111, possessio 1321.11. 101. XCVIII.

1111 1133. 1. 3. ΙΙ.

11111 1208. I. 33. XXX.

— 'I'hymiuieuuit 1111111 1203. Ι. 30. XXVII.
111, 11111111. Ι. 102. 101.

11111 priamum 1217. 1. 31. XXXVII.

- 1111111111 comes 1217. 1. 53. XXXVIII.

1111, 1111111111 comes 1111111111111233. I. .
I 1111111111 11, suot 1190-1210. 1. 11.

100. LXXXVIII.

111 ¹

111, 1111111111111111. 1. 11. 11111.
1111181111 12501. 135. CXXXVI.
1111111111, 1111111111. 12831233. 00111.

- 11, 1111111111 1111111 1201. 1. 151. 0111.

- 11, 1111111111 1273. Ι. 213. CCXXXVIII.
— 1273. 1. 222. 001111. - 1283. 1.
233. 00111.

- 11, 0111111111 1273. 1. 213. 0011111111.
1273. I. 221. 00111.· 1273.1. 222.
001111. - 1281. 1. 228. 001111. ·-
Inter 1283. I. 233. 00111. -1288,
Ahg. 1. 317. 1111. - 1230. 1. 235.
00101. - 1231. 1. 277. CCCX. -
1235. 1. 273. CCCXII. — 1311. 11. 30.
XXXVIII. - 1323. 11. 32. LXXXIX.

-11,8111111 1273. Ι. 213001111111.
- 1273. 1. 222. 001111. - 111111 1283.
Ι. 233. 00111. - 12311. 2710001.-
1233. 1. 273. 000111.

y- 11, 01111111 1111111, 11111 1212. Ι. 17.
XXXIV.

1101111111 11, 11111311, muer 1231. 11
277. 000. “

- 11. 1111111111 1231. I. 277. 0001. -
1235. 1. 273. 000111. - 1338. 11. 213.
CCXXVIII.

- 11, 1111111111, 11111 1170131 11.
- 11, 1111111, 11111 1170. 13. 11.

-11.11111111, 3111111 1358. II. 211.
00111111.

-11, 1111111111 1203. 1. 31. XXIV. -
12011. 32. XXIV. — 111111212. I. 17.
XXXIV. ·- 1213. I. 50. XXXVI. — 1210.
I. 113. CVI. -12571 133. CXL. -

1258. 1. 112. CXLV. — 1101113210. -

32111111.

-11, 8111111, 3111111 1358. 11. 211.
CCXXVIII.

- 11, 01111111 1257. I. 133. CXLI. 1
-11, 11111111, 0111111· 1358. ΙΙ. 211.
CCXXVIII.

-11, 1111111111, 3111111 1358. 11. 211.
CCXXVIII.

- 11, Agnes, 1111111111 1358. 11. 213.
00111111.

11111111θί1 1385. 11. 271. 0011.

- 11, 110110111111111232. Ihg.1.291.11
1111111111111111 1311. ΙΙ. 213. 0011111.
1111118111111111 1380. 11. 338. 001011.

unt, 11111111311111111112101. 111. 111. j 11111.

 

