Bmgnrtn 01, 01111111 1201. 1. 201.
cccxlv.

- 01, 01111111, 01111201120100011.

- 01, 01111111, 11111 1210. Ι. 207. 0011.
-1201110000

- 01, 01111111, soba 1221. 1. 112.
00017.

- 01, 01111111 1200. 1 11. 1111.

- 0111111111 1202. 1200. 000.

- 01, 1011111011 1210. Ι. 211. 0011.

- 01, 0711111111, 111111 tw. 1. 201.
0010

- 01, 1111111011, 111111112021. 210.
000.

- 11, 01111111, uxor 1200. Ι. 211. 0010.

hammaburg, 1111111 h 1121 -1120,
11. 121. 0111.

·- 11111 1001. 11 111. cocu

0111111 Barim 1200. 1. 201. 00011111.

011 eirca im. Ι. 101. 107.

0101, 011111 1111111 1221. 1. 17. 11111.

0111111 01111111 1021. 11. 72. mv.

01110 12101. 1011111.

0111, 110111 1. Unger· 1200. Ι. 11. 11111.
-1200, Ι. 00111. -11111 12001.
71. 1117.

·- 10. 1011111013. 12011001111111.
-12101 101101. - 1211. Ι. 111.
omn. - 1270. 1. 172. 0111111.

01010. ponamin 1121. ΙΙ. 101. 107111. -
1021. 11. 102. 1011. -1070, 11. 121.
0010.

01110 010111111111011301111 1170 ΙΙ.
102 00101.

Benedictus, 0111111111 1110111011111111111
1202. 1. 01. 11011.

- 0111101120010011711. - 1200.
Ι. 11. 11711. -- 1200. 1. 10. 111.

-· 111. preth. 0110. 0. 0111111 12101.
11. 11111.

- 01111. 1. vnn-ei· 1200. Ι. 11. 1111.

- 0111111111 0110111. 1270. 1. 170.
cmxvi.

- 01 1111101111 napum. 101111. 02.
mv.

0111011111 01111 1101111101111111 1022.
ΙΙ. 10. 1111111.

·- 011111. 1. 011111. 1120. ΙΙ. 10. mxx.
- 1021. 11. 001011. ··· 1021. 11. 00.
1011. - 1027. ΙΙ. 110. oxu.

01111111, 111111 1210. 1. 110. 0111111.

101

01111, angitur 11 promotam 11 111-
1111111111111111111200.1110.001.1111.
- 1111.01111111111111201.1.211.000.
-1201.1200.0001.·-1200.Ι.272.
0007.

0111111111 011 Rumam 112011. 01
101.

0111, 01111111, 1111112001. 11. ml.

Bergan 01, 011111 1110. 11. 21111. -
101711. 10. tvm.

- 01, 0111111, 1111 111711. 10. tvm.
0031111271. 1. 107. cem.
0111111111, 111111 1127. 1. 00. LV.
0111111011111 1070. 11. 020. 00101.
0111111011, pravos. 11 111111. 11001. 71.

m. - 12171. 111. 00111.

- 11111131. 11111111 1200111101.-
1201. 1. 221. 00111.

- 11011 1210. Ι. 120. 01111.

01111111 11111111 1021. 0. 71. 1111.

011111 01, 0111111 1277. 1. 210. cowll.

0111111 11, 0101111111. 12. 1111.

0111111111111111, 0111111111 1111111-
1111 121111001. 000111.

011111 uxor 1111111101 111111 em 1210.
Ι. 121. 0171.

-111111111111 111 *0111111111 1200.
1. m 011171.

-1111111 eju· 1111111111 12721. 101.
01011.

- 11011011111111 011 110. 1270 1. 102.
0011.

- 011 011111111111 01111111 1020. 11. 01.
11117.

0111111010111 1210. Ι. 111.Ι 01111. -
dominandum Ι. 111. 01..

01111010101111020. 1101. 11110111.
-11111110211101101 ··· 1021.
11. 01. 101. - 1111111111. 11120 11111.
cvm. »

0111111010111 1000 ΙΙ. 100. 011111. -
1101. 11. 200. 001711. - 1001. 11.
000. 00017.

nortboldum 01, otto, 111111 12101. 110.
cmm.

·- 11. ouo 1212. 1. 00. 111111. -
1217. 1. 100. cxl.. — 11021. 111.
011111. - 1202. Ι. 117. 01111. -
1200. 113. Ι. 0101111. - 1271. 1.
177. 01011. - 1271. 1. 170. 010111.
- 1272. Ι. 110. 01011. -· 1270. Ι.

 

