Numen-Reginum .

Dio 11111 zahl 11111111111111111111111111111111111111, 111 1111111111 111111
111 11111, 11111111111111111111 zahl 111 11111111 11111111111111111111
Numer 111 11111111.

Α.

1. 11111111 11 Post 1211. ng. 1. 111. V. 11111111111111111111111.1.121. 11111111.
1111111 1211. 1. 211. 0111. 1111111111111111111111111121.11.11.1.111.
11111 1211. 1. 111. 11111. - 1112. ΙΙ. 1111111111-1211.1.27.111.

211. ccvm. 1111111 11, 1111111111 1111. 1. 1. 1.

1111111111 11111111 1111. 1. 1. 11. 1111111, 11111111. 1.1.11.
111· 11111111111ρὶ1.1211.1.217. 111111. 1111111111, Gurg. 111111 1111. ΙΙ. 111.
11111111111111. 1111. 1. 11111111 1111. 11111.
1. 11. 1. 1117. Ι. 21. 11. - 11, 1111111, 1111111 1111. 11. 171.
1111111111 cim 1111. 1. 21. 1111. 10111.
- 1111111111111217.Ι.17.1111. 11111 propat. 11 11111111 11111 Ι. 7. V.
111111111111111, 111 1111111111 11 11111- 11111, 1111111111 111 1111111111111 noha
11111,111111·11 1111. ΙΙ. 12. 11111. 1111. 11. 17. 111
Aoi-urunt do, 11111111111111. - maneb 1111. 11. 111. oona.
11111111 1211. Ι. 111. 1111111111. - 1211. - Friedrich, 1111111111. 1111111111.
Ι. 217. 11111111. - 11111111 1111. 11. 217. 1111111111.
1111111, angitur 111111 nomm-[rm - 1111, 11111111117. 11. 2111111111.
1351. 11. 211. CCV. - 1111111111, 1111111111 1117. 11. 111.
Agna uxor 11111111. 11. 1111. Ι. 1. Ι. - ccxxn.

1111. 1.1.ΙΙ. - 1111111111, 111111, nemag· 111
- - 111111111111.Ι.111.1111. 1111111111 1111. 11. 211. com. -
- 11111111111111111111111111111 1211. 1171. 11. 111. 1111111.

113. 1111111. - 111 1111 11111 11 1111111111. 11. 21.

Agnou, 1111111 111 1111111111 1111111- 11111.
stetten 111111 1111. 11. 111111111111. - v. 111111 1112. 111. 11. 111. 11.
Agnis· 1111111111 11 1111111111 1211. Ι. 11111111111,111111 1117. Ι. 11. 1111.
121. 11111. 1111111111 Ephe. hostiensi· 1111. Ι. 1. 111.
1111111 1111311111111111111111. 1111. 1. 11. 111111, 1111111111 1. 11111 11111 1. 7. V.
xm. - 1111111111111111.
11111111111111111111. 111. 1111. - 1111111111 11111 11111111 1211. 1. 11.
- 1111111111111.1.21.1111. mx.
1111111 11, 11111111, 11111 1211. 1. 11. - 1111.11111-1111211.1.11.1.111

1111. -1111111111, 1. 111. ow.

111111111111111211. 1. 221. 111111. - 11111 1111111111 11111 1111. Ι. 111.
1111111211.1.211.11111111. 1111111.

 

