F.

1., . . 0888888, 111.118818831228.113.1. 118818, 11881888. 11. 218. 00111111,
287. 1. 8188188881 1208. 1. 88. 1111. - 1288.
18188 18881888 1281. Ι. 278. 00011. 1101111. - 1280128800111111.
18138 11881888 1878. 11. 828. 001οΙ. ·- (10. 11011111· 12⁸3· l· ¹5⁸· efflu-
1811881883 1181881818, 1818818888881881188 Fischer 8188188. 118818311181381881311·
18 0818888181 1388. 11. 287. 00111. ΙΙ- ¹7⁸· CLXXIV·
8118888888 1181818181 181 11881881881 - -111888181 11818811831382. 11. 881.
18811. Friedrich 1828. ΙΙ. 118. 011. 00011111.
-18,888118, 188188122811. 118. 81881183 81881881 8818 1288. 113. 1.
011. 2281111.
188118301818181188811287001111111. -1188818 judex 8888 81ιί18118 1288. 1.
181888 88118181 1318. 11. 11. 111111. 212. 0011111,
18388811881888 1288. ΙΙ. 178. 01111. -1181881811228113 1. 828. 1111.
11188881 181818881831888. 11. 280. - 118181188, 188188 1288. 1. 213.
00111. 0011111.
181181883,18111888 12181. 112. 011. - Hortinos 1288. 1. 288. 000111. -
- 18, 111888, 788818888 1287. Ι. 188. 1288. 1. 281. 0001111. - 1228. 1131.
011. 8281111.
·- 18, 08181188 1287. Ι. 88. 1111 - 1188118, nicht« 88 1188888111 1818. 11.
- 18, 018181181 1238. 1. 7811111. 11. 1111.
- 18, wichardo· 1207. Ι. 88. 1111. 1188111881 181 188 881888188118881821.
Felix, 111 ι. 8818118 1288. 113. 1. 287. 1. 11. 88. 1111.
1811183 1222. 113. 1. 281. ΙΙ. 1118118388 1181818181 1812. 11. 881111.
1188188 18888 1217. Ι. 81. 111111. - ouo, 8818 1812. 11. 38. 1111.
1881188, fluvius 1³¹8. n. 88. ux, - 1188188 8118 1288. Ι. 288. 00111.
11. 1011101111. 8188181188 88881. 0881. tio 88811188 111.
-1888812181182101, - 1817. 11. Apostolorum 1188. 1. 11. 1.
1811. - 1820.11. 118. 0111111. - malamort 1178. Ι. 11. 1111.
1838. ΙΙ. 178. 01111. - 1317. 11281. 8181881188188181888 1888. 11. 221. 001111.
01010. - 1882 11. 288. 001111. - 1181888 01818188 118888818811821. 11. 78.
1878. 11828. 0010. mv.
188118 1217. 1. 88. 1111111. 1188818888118188181,018881188888181828.
88881188838818,18. 08881188, 88888- ΙΙ. 188. 0111.
18188180181881881. 081. 1288. Ι. 11818118888111388.11888000111111.
181. 011111, 111188818181181,81811818118888111.1188· ⁴
Foulokorn 088881 1388. ΙΙ. 228. 001111. 18831888. ΙΙ. 888. 00011111.
1888888388181818181 1881. ΙΙ. 888. 00011. 8181 1118888 1888. 11. 188. 011.
1881881 01188888 1288. 1. 288. 000111. 118881881, 11818381888811888181188 1888.
- 12881. 281. 0001111. 11. 871. 0001111.
-1181811 1288. 1. 282. 000111. - nosch-rt 01888181 1887. 113. 11. 103.
1288. 1281. 0001111. 1111.
111188 018181 1880. 11288. 0011111111. 188181818818881871. 11287. 00111.
[filontio 08888188, 88881188 018818 1271. 1888118881818 1313. 11. 187. 0111111.
Ι. 188. 0011. Foro 18, 81888 1288. 1. 118. 011.
1118388181, weingarten 88 1188881883 1388. -18,08188 filino 1281 113. 1. 808.
ΙΙ. 218. 0011111. vn.
1188188181888 888110818018188888 - 18, chunigundis 11118 1281. 1131.
1871111182. 00111111. 888. vu.

 

