911111111111.,1’11111990.1197999911111.
.- 1999. II. 290. 99911111-1997. 11.
992. 99911111.

Bon 91111 numici, 9111 1221. Ahg. I.
2991.

9111111111111, 9111111111, 111111210. I.
19111111

911111 91111111, 9111 1298. I. III.
91111.

9111111113 1291. Ι. 279. 99911.

9111111113 0111 11 111111111191131280.
I. 129. 991111.

- 11, 0111), 11111111111111111111119113
1279. 1. 218. 9911111.

9111111111 11 91111111 1298. 1. 198.
91111.

911111111111 9111111 1912 11. 178.
91111.

91111111111111 81111111 1999. ΙΙ. 119.
99191111.

9111111111111 1111111111 1999. 11. 297.
991111111.

911111111111 11 , 1111111 1919. 11. 198.
CXCIII.

91111111111 11, 91111111 1289. 1. 219.
99111.

-11, cannam, 111111 1299. Ι. 219.
99111.
-11, Heinrich, 11111 1290. 1. 297.
991911.
-11, 911111, 11111 1299. 1. 297.
991911 1999. II. 19111. -· 1908.

1121111111.
9111111111 192911. 198. 91. - 1991. 11.
112. 911111. - 1991. 11. 299. ccxl..
9111111111 11, 1111111111 1289. I. 211.
99111. 12891212. 991111,

91111111 91111. v. 911111 1272. I. 199.
9191111.

-1111111111 11 11111 1917. 11. 292.
9191111.

91111111 911111. 1. 1111111 1999. Ι. 91. Lm.
- 1299111. I. 299. 111.

9111111 9111111992. 11. 982. 999111.

91111111111 (11111) 1289. L 217.
9911111.

91111, weng-Iton 11 911111111111111
1999. 11. 221. 9911.

91111 12991. 99. 1111111. - 1299. Ι.
100. 11111111. - 1299. I. 101. 19. -
1210. I. 10919111. - 1212. I. 109.

111111. 19111. II. 91. 111.

199

19111. - 1211. I. 109. 911. - 1290.

I. 190. 91111. - 1291. I. 199. CLXXIII.

- 1291. I. 1999111111. - 1279. I.
171. 9111111. - 12791. 191. 99. -
1279. I. 199. 991111. - 12791199.
99111. - 1279. 1. 200. 991111. -
1279. 1209. 991111. - 12791. 219.
comm. - 1289. 1. 299. 0111111.-
1297. Ι. 299. 99111111. - 1289. 1. 298.
9911111. - 1289. 1298. 99111111.

-1299, 1298. 99111111. - 1290.

1297. 99191111. - 1919. 11. 19. XLVIII.
91111 11 1111111111 1921. 11. 97. 19111. -

1998. 11. 172. 91111. - 1912. 11. 177.
cmv. - 1919. ΙΙ. 198. exem. -
1981. 11. 919. 991911.

- 11, 91111111 1291. Ι. 199. 9111111.-

1298. 1. 197. 91111111.

·— 11,91111111111299. 1. 197. CLXXVIII.

- 11, 1111111111289.1. 219. 991111.

-11, 1111111111, 11111 1299. 1. 219.

991111.

- 11, 911111111299. 1. 299. 991111.

- 11, 1111111111, eirca 1290. I. 121. 911.

- 11, 1111111111 1298. Ι. 197. CLXXVIII.
- 11, 9111111111 12991981111111.
9111111911 1299. I. 297. 99191111.

- Weg 1971. 11. 297. 99111.
9111112991. 11991111 - 12921. 199.

91111. - 12811299. 991111- 1929.

II. 117. cxlv. - 1999. 11. 199. 91111.
- (111 91111131) 1979. 11. 909. 9911111.
- 1990. 11. 999. 991911.

- 11, 9111111111 1292. 1811111.

- 11,911111111990. 11. 9. III.

- 11, 91111111 1292. I. 81. 1111.

-11, 91111111, cire· 1212. I. 17.

mlv. -· 1299. 181. Lxx. - 1219.
I. 119. 911. - 12981. 199. CLXXXI.

- 11, 1111111111, 111111 1900. 11. 9. 111.

- 11, 1111111111 91111111. 1999. 11. 9. ΙΙΙ.

- 11, 91111111 12921113. I. 291. II.

- 11,011ο1297.1. 199. 911.

- 11, 911111 1292. I. 91. Lm.
9111111, 1111111, 111111 190911. 9. ΙΙΙ.
9111111111 1901. 11. 7. 111.

- 81131111, 991111 11 wion 199911.

219. ccxI.
- 8131111399. ΙΙ. 299. 99111111.

9111 11, 91111111, 11111 1199. I. 90,
1111
28

 

