0111 1231. 1. 127. 0111. - 1231. 1.
128. 01111. - 12701. 171. 001111.
-1283, 1. 211. 00011. - 1283. I.
212. 000111. - 1330. 11. 228. 001111.
- 1371. 11. 302. 0001111.

-11111011101111 1293. I. 209. 0001.
01111110, 11111 130311. 11. XIII.

Ἴ 011111131111 zu 81311 1339. 11. 219.

CCXXXIII.
0111111 1297. I. 283. 000111.
0111111113, 11111 1371. ΙΙ. 302. 0001111.
0111111111 31, 1111111111 1231. Ι. 128.
CXXVI.
0111311111 1287. I. 233. CCLXXII,
01113111111110111111111111 1308. ΙΙ. 393.
CCCXXXVII.
0111111111311311111111 8111111 11 1111-
111311321. 11. 77. 0111.

- 11 3111111111111111 8111111 1321. 11.
77. 0111.

, 011111110111111111111 1313. 11. 182.

00111111.

0111111111 1111111 1318. 11201. 00.

0111111111 1210. 1. 12. XXXII. - 1270.
I. 170. CXC.

0111111131 1277. Ι. 209. 00111111.

- 31, 1113111111, 111111 1277. I. 208.
0011111.

- 31, 1111111311, 11111 1277. 1. 208.
0011111.

- 31, 11111111111277. Ι. 208. 0011111.
- 31, 1313111, uxor 1277. Ι. 208.
0011111.

01111, 0113. 0111. 81111111 11 porticu
1210. I. 13. XXXII.

01111111 01113 1373. 11. 303. 0001111.

0111113 31, ouo 1288. 1111. 310. 1111.

- 31 0111311311, uxor 1230. 1113. Ι.
310. VIII.

0113101111. 0111. 8. 11111111 11 earcere
1210. I. 1311111.

- 01131111 11111111 1310. 11. 313.
001011. - 1330. 11. 210. 0011.

- 01131111 013111383. II. 318. 0001.
- 1383. 11. 372. CCCXVIII. - 1380.
11370. 000111.

- 811111. 1. 11111111 1210. Ι. 13. XXXII.
- 111111. mtto 1380. ΙΙ. 372. 00011111.

0101111111, 1111100111ιί1 1200. Ι. 201.
001011.

0111111 1300. 11. 237. 0011111111.

131

01111131011111, 11111 1230. 1. 121.
0111.

- 31, 11111111 1232. Ι. 80. 0111.

01111101111111 12801. 230. 00011111. -
1203. Ι. 270. 00011. - 1319. 11. 30. 011.
- 1321. 11. 70. 0111. - 13221181.
LXXVIII. — 1122. II. 81. LXXXI. —
1318. II. 201. 00. - 1273. 11. 308.
0001111. - 137811. 320. 00011111.

- 138011. 338. 001011. -· 138011.
310. 001011.

-31,1111111 1319. 11. 00. 011.

0111111111111111111311111 1333. ΙΙ. 220.
00111.

01131113111 1378. 11. 322. 0001111111.
- 31, Friedrich 1380. ΙΙ. 310. 00101111.

0111311311, 1111111111 31 7111111111 11 Ilei·
ngenmnz 1278. Ι. 213. 001111.

- 1280. Ι. 231. 0001111111.

0113111 1232. Ι. 80. 0111.

1111311111 111 0111111111111331. 11. 212.
0011.

011311113111 1232. Ι. 80. LXIX. — 1279.
1. 218. 00111111. - 1279. Ι. 220.
0011111. - 1282. Ι. 229. CCL. -
1283, I. 230. 0001. - 1283. 0217.
00011111. - 1280. Ι. 231. 000111111.
- 1287. Ι. 231. CCLXXI. - 11111
1288. 0237. 00011111. - 132311.

’ 11. 111111. - 11111. 111111.-

1332. II. 133. CXLIX. - 133211. 133.
001. - 1333. 11. 220. 00111. - 1331.
11. 223. 00111. - 1337. 11. 233.
CCXXIII. - 1370. 11. 289. 0001111. -
1373. 11. 303. 0001111. - 1377. 11.
310. 00011111. - 1380. 11. 338.
001011.

- 31, 01111311 12321. 81. 0111.

- 31, 1111111111 1232. 181. LXIX.

- 31, 1111111111 1232. 1. 81. 0111.

- 31,131111111311 1232. I. 81. 0111.
011311111311111011113,811311 1323. 11.

107. 0111.
- 10111113, Ρ111111 zu 81311 1381. ΙΙ.
303. 0001.

- 11111113 1323. 11. 107. 0111.
0111111131τί 1238. I. 112. 0101.
011101113111 1239. Ι. 112. 01011. ,
0111011113111 1283. Ι. 213. 00011111. -

12831. 211. 000111. - 1283. 0213.
CCLXXI.

29·

 

