110οο0100, possessio 1331. 11. 101. 000111.
11000100, potamio 10 00001101. 110000100οἱ
133011. 110. 0000011.

- 00, 0001101000, 0110000101 00 1330.
11. 110. 0000011.

- 00 11000, 001000, 000001330. ΙΙ. 110.
cmvn.

- 00, 3000οἰ010, 000000010000001330.
ΙΙ. 110. 0000011.

- 00, 1100000010, 00000001330.11.110.
0000011.

100000 Friedrich 1383. 11. 331. 0000.

1100100001ιο ventitando 1338. 11. 131.
00011.

110000100οω0 1370. 11. 303. 00000010.

10003001100000 000 010000000011380. 11.
338. 000010.

· - 10000001380. ΙΙ. 338. 000010.

111οΝ10010υο 1388. 11. 375. 00000.

110οο100000, 3000001330. ΙΙ. 13300010.
- 1030. ΙΙ. 131. 0000111. - 133011.
131. 000011. - 1330. 11. 131. 00001.

-100000 000 111οο001010, 1100000 1330.
1113300010

- 0001 000 11100001οἰ0 1330. 11. 131.
00011111.- 1330. 11. 133. 01110.-
1330. 11. 133. 0000. - 133011133.
00001. - 133011. 1310000011.

- 110010110001000133011. 131. 0000111.
- 133011. 131. 00001.

- 00101000, 00001000 1330. 11. 131.
0000111. - 1330. ΙΙ. 133. 00010. -
1330. 11. 133. 00001. - 133011. 138.
000011.

1100001110001378. 1. 138. 0000.

1100000 11101000 1383. Ι. 188. 0100.

1101001100, 0001 11301. 3. Ι. - 11301.
3.11. - 1338. 1. 00. 0000. - 1333.
11. 381. 0000001.

1101100001381. 11. 383. 000111. - 1383.
11. 313. 0000.

0010000000, 10ιο13001 0. 1100000000ος 1303.
ΙΙ. 300. 000110.

-· Herzog, 110010. ’11001 000 11000 000
11100100 1381. Ι. 338. 00001.

1101000100 010100 1333. 11. 87. mnu.

1101000ος 00, 0110 1300. Ι. 117. 0011. -
1380. 1. 117. 0011.

11010000 00, 110100000100, 00000100 11000·
000000, 1000000000. 10 001000. 1381. 11.
388. 0001111. - 1370. 11. 3330000111.

- 00, 1100010, 0000001300. 11. 13. 0011.
- 00, 1001010 1378. 11. 333. 0000001111.
- 00, 8100001100 1377. Ι. 310. comm.
- 1100000011 1373. Ι. 313. commi.
- 1373. 1. 333. 000111. - 1380. 1331.
000010. - 13831001. 3111010. -
1381. Ι. 311. cem. - 1100000011 10
osten. 1001. ι. 011. ccum. - 1000.
103. 1. 318. 001. - 1301. 1. 371.
000011. - 1338. Ι. 378. 00001. -
1300. 11. 13. 0011. - 1308. 11. 30.
00111.

- 00, 0101000, 00000100 1100000011ου
001000. 1313. ΙΙ. 81. Lm.

-· 00, 100000000, 001100 1301. 11. 388.
0001111.

- 00, 1000, 1100010001381. 11. 308.
0000111.

110000 000101100υο 10 001100000011313. Ι.
118. 00.

110030 nugo 1373. 1. 317. 000000.

0000301000, 31000. v. 0000001303. Ι. 10.
0001.

1100001000 gener 11001000 1371. Ι. 133.
0010.

1100000010 00, 11οο01000 1138-1333. 1.
38. 00.

1100000000 00110ος00000, 010001183. 1. 13.
10.

1100000001 00, 100000, 0011000001001333.
11. 137. 000111.

1101000001, prndium 1331. 1ος. 1. 333. 1. -00,.100000,1111100, 0011000010100 000
1101000000, 0001 v. ’11001 1388. Ι. 313. 00001001330. 11. 1330110001.
ccum. - 00, 31101000, 001100 1300. 11. 3. ΙΙΙ.
11010000000, 110010. 0000 1383113118. 1 11000010 magister civium Novae civitatis
00110. 1 1. 313. 0010011.
1 mamae, 0001010001. mxv.

 

