180

111, 11111 11111111Ρ1111 111 1111Ν1111111 (111111111111111111111
1111113, Der 111 ger 111 1111Ιοί11 1111111111 1111111111, 1111
111111611111111111 1111111111111171111911, 11 (111 111111 Apte
(1111 dem 111311111110111111 111 (111 8111111111 1111111 desselben
Chloeters 111 11111111 1111 1111111 1111111 1111111Ιοί11 111 111111111
11 11111 111 11111 111 111111111111111111111, 1111111111, 111-
1111111 111 geben. 11111 11 wellen 11 111111111111. 1111111111
111 egenenten 1111111111 111 (1111111111 111 11111111111 11111111

· 11111 1111 Neun 1111 (11111111 111111111111 1111113 1111111111111

111111311111111111111 1111111111111 phening 111 1111111111 vein,
(111 wir 11111 gar vnd 3111111111111111111111111111111, 1111 1111
(1111111111 11111111113, (111111 111 11111 111111 111111 111111-
1111111111111 1311111111 Hos 111 111 11111 (111 111 (111 11 1111111,
811111 1111311111 111, 11 11111111 111 11 1111111 111111 11111
11111111111111111111111 1111111111 1111111 1111111111 11111111.
Vnd (1111111 (111111111111 8111111111,1111111 wir vus, ieh- 011 111
Goteeprunne 111 111 Nyclae vnd 111Ρ1111, sein 1111 111 1111111·
111111111111101111111111111 11111111911111, (11111111111111111-
11111 011111 111 1111111111 111111111111111111 1111111111 allen 111111
131111111111111111111111111111 (111111 Wnden 111 1111 11111
(111, (11111111311111, 111 11111 (111111 11111 1111111111 1111, Dem
1113111111111111111111111911, Apt 1111111 Heyle'yen 1111111 111
(111 81111131 1111111 111 selben 111111111 1111 11111 11111111111111
11 rechten gewern 111 11111111 1111 (111 11131111111 1111 1111111111
1111111111111111111 111111 1111111111, 111 uigens recht ist 111
(1111111111 11111 11 1119111. 11111111 111111111 1111111111131-
nautor 011111 (1111111111 111 111 1111111 111 111 Peter 1111 1111
1111111111111111111111 11111111111 111111111111 111 61111-
1111111111 11 11111 Pyliqreim 111 1171111111 dem 111 31111111
1111111 11111119, 111 (1111 dem 1111119111 1111111 1111 111 Semenung
gemein (111111111111111111 1111 (111 1111111111 Η11 (1111 111 1171111111
111 11111111, 111 11111 111111111111111 genunt 111, 111 111 en
(111111 11111 1111111111 1111, 11 11111111 gwern 111 11111111 1111 elle
11111111, 111 111111 311111111111111 111 Laudes recht 1111191111
111 (111 (11111111111111111 1111 111 11111111111 1111111, 1111111
1111111 11 (1111111111 11111111 11111111111 111 11111111111
gezeug (1111111111 11111111 mit 111111 11111111 111 mit (1111111111
Heren Insige! 1111 1111111111ηά 1111 1111111 (111 1111111111

 

