311111311111111 1370. 11. 310. 001331111
-1111111 1373. II. 311. 001331111.

- 0111111 1333. II. 103. CIII.

1111, weingarten 1111 1111111311 1331. 11.
10101.

3111 omri 1311111111 1370. I. 173.
CLXXXVI.

1111131111 1331.,11. 73. 1331.

31111111 01111111 1338. 11. 173. 01313.
3111111111 11111111 1333. 1. 333. 001111.
1111111111, 1111131111 13131133. LXVII.
Viburger 0111111, 0311111131111111111111,

11111111111111111111111111313.1133131.

- 0111111, 0111111131111111111111 1333.

33113331. - 1333. II. 31. LXXVIII.

3111111111111111 133311. 130. 0311.
1111111 111111373. II. 311. 001331111.
3111111111, 1111131111 1330. II. 333.

003011.
1111111311 31111311 1333. Ι. 3113. 00131111.

3111111111111 1334. 11. 333. 000311.
31111111, IVuIflngur 1373. 1333. 003111.

- 111, 31111111 1370. 1333. 003111.
3111111111 111111, 311111 1333. 11. 334.

0011111.

- ArtoII 1333. II. 333. 0011111.

- 0111111111, 1111111111 1333. II. 331.
0011111.

- 1111111111 1333. 11331. CCLVIII.
311111111111 111, 0111111111 1133. Ι. 33. XVII.
3111131331, 1111311111 1133. I. 34. 311.
3111113113 1313. II. 40. XLIV.

- 111, 01111111,111111313. 117. 33311.

-111, 0111111111, 111111 1313. I. 47.

33311.
31111111 31111111 1333. 11. 337. 0033111111.
1111111111-11111131101311111111111311111
1337. II. 333. 0033.
31111111 de? Agnou, 1111111 1377. 11313.
00133311.
- Heinrich 1377. II. 317. 00133311.
- de. IVIgnndrrr 1137. I. 33. 33111. -
1307. I. 33. 3313.
3113111113 13371. 133. CXXXVII.
XItiIzings 111, 11111 zu 311113113131331.
333111.
3111111111 111, 11111111, 3111111111313.11.
33. 3111.

- 111, Heinrich 1313. 11. 33. 3111.

3111111311· 11131111, 1111111111 111111111-
11111 1333. II. 333. 0031111.

Fontes. 111111. 11. 311. 311.

133

3111111111111111131330. 11. 333. 003011.

3111131111111 1330. 11. 333. 003011.

311111 01111 11 1111111111 133311. 343.
0033311.

1311111113 1333. 11. 133. CLII.
311111111110111 1331. II. 731331.
3111111111111, 1111111111 1331. II. 701331.

3311113111 111, 11111111 1334. I. 373.

0001111.

3111111111111111 1373. II. 333. 00131111.
- 1373. 11. 307. 00133111. - 1331.
II. 333. 000311.

31131111111111111111111 1334. II. 333.
000111.

11111111 0111111 1330. 11. 337. 003331111.
-311111111 1331. II. 74. LXXV. —
1331. 11. 731331.

3111111 Agnes 133311. 333. 0001.

3111111 01111111 1331. 11331. 0031.

3131131111 1307. I. 37. XXIX.

-111, 11111111 1333. 1343. 00133.

311111111111111 1373. 11. 311. 001331111.

1111111111 1334. 1. 377. 0003.

3111111111 zu 1111111111 1370. ΙΙ. 333. 0013111.

1111111111 Eberhard 1333. 11. 313. 001111.

3111) 3131111333. II. 331. CCXIII.

- Peter 1333. II. 333. 003111.

- michael, 113111111111 11 11131111
1330. II. 333. 003011.

11111111 1111111111 1331. 11. 73. LXXV.

31111 1111111111 1330. 11. 337. 003011.

311111 111111111 zu 0111113111111111313.
11. 304. 00.

- 1111131111, 1111111111 1343. 11301. 00.

3113111111 13331113. I. 313. 311.

31111111 stephan, 3131 1331. II. 77. LXXV. ,

11111111 ,1111111 1373. ΙΙ. 303. 0013311.

3111111113 1373. 11. 333. 00133313. -
1303. 11. 10. 3. - 1313.11. 33. 3111.
- 1334. II. 333. 000311.

3111111111 zu MudIiug 1334. 11. 333.
000333. - 1331. 11. 337. 0003313.

1111111111 1331. 11. 71. LXXV.

- 111, 3111111111 1331. Ι. 131. 0133.

3111311111 0111111 1331. 11. 71. LXXV. ¹

331111111111111111 1330. I. 147. CLII.
33113111111111111111 1333. ΙΙ. 30. LXXXVI.
3311311111, 3111111111 111 1313. 11. 33.
LXVIII.
- 1333. 11. 173. CLXIX. - 13101133.

111111.
30

 

