188

011001,11111 110 11010110 1371. 11. 200.

CCLXXI.
01101101 rumim 1331. 11. 111. 0101.
-· nonnae, 01011110 1331. 11. 111.
CXLI.
0110111011011370.11. 300. 0001111111.
011101000110 1323. ΙΙ. 00. 0111111.
nurum rotundum 1237. 100. 0308. VI.
01101110, weingarten 001 010οΙ100 1337.
11. 171. CLXVIII.
- Peter 1070. ΙΙ. 300. 0001111.
0100110 10 80001110011, 01101 1270. 1.
170. CXC.
0101101010 0110011 1130. 1.1. III. - 1180.
1.13.1.-1107.1.20.11.
- 1210. I. 12. XXIIII.
01011111 11ίο01101 1311. 1030111111.
01011001010 01, Cone-edne 1300. II. 2. 11. -
1300. II. 3. III.
- 00, Heinrich 1300. ΙΙ. 2.11.
- 00, 1101111000, 111101 1300. 11. 3. ΙΙΙ.
01011010110000 00, 111000110010000 1200.
I. 110. CXIII.
- 1200. Ι. 200. 0001110111. - 1320.
11. 12001111.
01011001 01100101 100 1111111101 1378. II.
322. 0001111111.
01110111 1331. 11. 100. CLVI.
01011110 0101101011 1321. ΙΙ. 77. 0111.
0101ιο010 1310. ΙΙ. 81. 01111. - 1320.
11. 81. 0111. - 1320. ΙΙ. 00. 0111. -
1320. 11. 112. 01. - 1300. 11. 217,
0011111.
Presbyter 10111. 00011110 0110. 0110. 1130.
1.0.111.
01001, 11110 1321. 10730111.
0101101 1101111011 1321. 11. 70. mv,
010001011100 111 dem 10010100 1321. 11.
08. 0111.
01111110, prndium 1221. 1001111. 1.
01011011οο11 12011. 128. 01101. - 1281.
ι. 111. 101111. - 1111. 11. nen.
001011.
0111011111 1130. Ι. 2. 1.- 0110111771.
10. VII. — 1108. I. 21. 111.
010011 000110 1310. 11. 11. 101111.
0100111001101 00011001 1280. I. 213.
0001111.

01001010011011100011111128002130001111.
01000110011 1300102118. 0011111111.
0101000 1110011111 1308. 11. 213. 00111111.
0101101101, 001001011, 01101 1170. 1. 0. VI.
01001101000110 . Eidem 1321. 11. 78. mr.
0101 00, 00100000, 01101 1182. I. 12. 11.
- 00, 1000110 130010101Χο
011110 00, 1100011, 01101 1330. 11. 127.
01111.

011100111207. Ι. 138. 0111111.

010101, 11111 1237100. Ι. 308. VI.

0000 01, 0110111000 1201. 1. 270. 00011.

000011 1111111100, 3010011110 1110001000
1300. 11. 271. 000.

0000110 de. Heinrich 1310. 11. 170.
CLXXIII.

0000011111 00, 110011313. II. 187. cmxrv.

— 00, 11010001, 010001 1300. 11. 300.

CCCXXXVII.
- 01, 01010, 1110001 1308. 11. 300.
CCCXXXVII.
- Johenn 1370. II. 308. 00011101. -
1388. 10371. 000111.
- 00, 01101110, Herzog ,1Ιο100010 1101·
01011101 und ’1100οι011 1800. 11. 300.
0001111011.
0000011001100 000001011110000 1333. 11.
220. 00111.
00000110 01, 01001, 00110101 1111000011
1300. II. 223. 00111.
0001101, 1111100 131011. 00. LXV.
0110001 1111111100, 3010011110 111000111001
1378. ΙΙ. 320. 0001111.
011001 111001101 1308. 11. 213. 00111111.

- 0110 1308. 11. 213. 00111111.

Patren 00, 110101100οε 1107. I. 30. mn.

- 00, 0110 1227100011.

- 00, 1101111011 1227. 1. 00. LV.
00001101 110111ίο01 1203. 1. 278. 00011.
001Ιο 11101 1307. II. 21. XXV.

001000100, 01101 1170. I. 8. 11.

0111111001100, 11Ιο110 1100. Ι. 0. IV.

0010010001100, 110011ου1, 01101 1177. I.
10. VII.

- 00, 0110, 01101 1177. Ι. 10. 111.

- 00, Reputo. 01101 1177. 1. 10. 111.
001000100, 01101 1177. I. 10. VII.
00110110 1201, 10272. 001011.

 

