217

11111 111 1111111111 phenning halb 11 1111 1111111 cg 1111111111
1111111111 hg, 11111 11111111 1111111 1111111. 111 11311111 1111111
11111111 111111 1111111111111111, 111 11111 1111 11111111 were

1 stin, 111 1111111111111111111111. Sc 11111 11111111 11111111 stetten

111 1111111111111 11111111 1111111111 phecning 1111 11 1111 Jtrgen

1 teg 111 11111 111111 11111111 teg. 1111111111111 111 11111111111, 111

1111111111 1112111111. 81 11111 01111111 11181111 111 ciuem 111111

, 111111 11111 cisen 111111111 phenning 1111 111111 tergeo teg 111
1 1111 11111111111111113. Die vergecenten thlt 11111111111111
Ἴ 11111111 11111 wir 111111 111 111111111 1111111111111 gehen 1111

11111 1111111111 1111111111, 111 wit· 1111111 11 111111 gewer 111
111111 heheu, 1111111111 111 1111111111 111111 1111111 111111111111

1 111111111 11111111 11111111, 1111111 111 111 1111111111111 1111111 111
’ 111111 sein, 111111111111111111111111111111 1111 0111111111, 111
, 01111111 11111111119111 01111111 111 dem 011111111111111 111
t 11111101111111 111 1111 1111111111 1111111 1111111111111 1111 111111-
3 chen 1111111111111111 1111111111 demit 11 11111111, 1111111111, .
’ 111111111 11131111, 111111 si wellen 11 allen 111111. Vnd 11111
1 111111 111111111111 111111 wir 111 111 1111111111 Wthlfflce'nctorff
7 111 111 1111119111 1111 1111111111, 111 Stephcn 111· 2111111111 111 111

Katrey 1111 1111111111 tudelle 11111111111111111111111111111
1111111 111 111111 11111111111111111111 1111111111 1111111111-
111111111111 1111 111 1311111111 Geistliehen herren 1111 0111111111
111 dem Concent Gemein 111 111111 01111111· 111 1111111111111111
11 1111111111 1111111111 scheme 11111111 11111111, 111 111111 recht
111111 1111111111 1111111 osterreich, 111 euch als lang, 1111 111
111 131111111111111111171111111 vcgtpar 11111 md sich 111· 1111111111
gent gar 111 gaentchchen 111111111111 autgeit, 111 hebens recht iet

ζ 111111111111111111111111111, 11111 11111 dem rechten, 1111111111

tn 111111 brief 11111111111 111. 1111111111. 111 11 1111111 mit recht 11

’ 11111111131111111111111311111111111111111111, 111 111111 111 wer,
1 8111111111111111 11111111111111111111111111111111111,1111111 1111
1 1111111111111 111111 Mtte, 11111 1111111111111111, 11111111 witin
¹ 11 11111 gener 1111111111111111111111111. vnt suln auch 11111-

1111111 111111111111 11111111111111111111111111 1111111 11111

1 1111111311, 1111 1111 11111 11 11111111111111111111, Daton 1111111
ἶ 111 11111111 11 0111111111, 1111 11111 111 1111111 en 111111 1111 111,
1 mit 1111111 3111111111 11111111 11 11111 1111111 1111 euch 11 1111 chleg

 

