514

0111111111, 01111111, Α111101111111000.
11. 005. 00011011.

0011113 1111111 1001. 11. 110. cmlx

1011111111 11, (1111111111 1101. Ι. 101.
0111.

0711111111, 00110111 1007. II. 170. 011011.

0011111, 11111010111111 1100. 113. I.
011. XXII.

- 10111 1011111111 1100. I. 100. eccm.
10111 11, 011111111170.1.110.001110111.

-11, 1111111111, 11111 1100. 1. 111.

cxvn. - 11111. 1111111111.
·- 11, 1111111111 1170. 1. 100. 001011. -
1170. 1. 110. 0011110111. - 11001.
111. 001110. - 11001. 101. 0010.
-11 00111 1011. 11. 177. 011110. -
1000.11. 015. 00100111.
- zu 01111 1050. 11100. 0010111. -
1050. 11110. 00111111.

- 11, 0011111170. 1110. comm

werde 11, 11111 1170. I. 0. 01.

0711111 01111111 1000. 11. 100. CLXV.

— LeopoId von Modling 1011. 11. 100.
0111.

- 011111110111131111111 101111. 107.
’ 0111.

- 1111111111, 01111111 1010. II. 100.

0111.
- -0111 nutet 111 01111111 1001. II.
170. 0011011.

- -01011110111100011 015. 00100111.
01111111 1111111 1011. 11. 01. 11111.
01111111 Rugum 1175. Ι. 100. ccxlv.
101111, 1111111501. 100. 0111111.
work. 11111, 1111111001. 111. 01011.
0111111111, 0111111111011111 1100. I.

110. 00111111. - 1100. I. 110. 001110.
- 1100. I. 110. 0011101. - 1100.
1111010111. - 1001. II. 1. 0. -
1001. 11. 11. 101. - 1001. 11. 15.
XIIII.

- 1111. rumbach 1150. I. 0, 10.

- III 1. 0111131111111, cirea 1111. I.

17. XXXIV. κ

- 11111111 1100. 1. 100. LXXXVIII.

- 1111111111 1177. I. 100. 0011011.

- Inna 1111. 111. I. 111. 111.
1011111111, 1111111111 111 011111131101.

111. I. 011. 111.

⁴- 01111111 1111111111111111011. 11. 00.
XXXIX.

101111111,11111111 11 oretanum ml.
11. 7011110. — 1010. 11. 110. 010.
1011111111, 11111111111111 unientem

1001. 11.-110. CCII.

- 1111111 11111111111010.11. 17. 111.

- 111 dem 711111, 1111311111 0011111-
1111111111007. 11. 170. CLXVII.

01111111, 11111111 011111, 0111111111 1010.
1100110.

0011111111, 0111111 1. 0111111100. 1100.
00111110.

- 111 111 11111131111111 1100. I. 11.
1111. - 1117. I. 07. 101.

-1111111 1111111. In 11111 Im. I.
11000.

-11111111, 0110 0111111113 1101. I.
170. 00011.

- 1111101111 1101111111111 1110. 1.
111. cx.

- 111111, 0111111. 0101101 1105. Ι. 01.
LXXII. — 1105. 1131. 100. 0.

wesen 1111111111 11, 11 Inter 1111, eim
1100. I. 00. 1111.

- 01111111,111111111111. 11001011101.

0011111 11111111 1010. 11. 17. 111. -
1011. II. 00. 11111.

- Philipp, 0111111010. 11. 17. 111.

01111111111111171. Ι. 100. 000 II. -1170,
Ι. 1110011111. - 1100. 1. 111. 00111.
- 1101. I. 171. 000011. -· 11011.
m CCCXI.

011111111111 11, 01111111 1101. Ι. 150.
CLXVI.

10111111111111, 01111111, 111111111157.
Ι. 100. 0111.

- 1001. II. 055. 000011. - 1101. 11.
001. 000111.

01011111111117. Ι. 0010. - 1000. II.
10. XXII. - 1000. 11. 10. XXIII. -
107111. 007. 00111011. - 107011.
010. 00111111. - 1001. 11. 000.
CCCXIII.

-1107, 100. 110111. - 11101. 12.
XXXII.

'- 01111011 111 1070. 11010. 00111111
- 1111111111, 01111070. II. 007. 00111011.

- 0711111111001. II. 000. 000110.

1011111111 1101. I. 00. LXIX. — 11501.
110. 01111. - 1100. I. 157. 00111110.

-1111111111111 011111 1150. I. 115.
CXLIX.

 

