CLXXXIII.

1³4³, 1313333. - 1113131311 333 1113331131 331113333331133133 1133311333
ubertatem der 311133· 1131133313333 1333313313 oeten 33 Wefflrelerf
33333 Galim 33 Bada.

131 11113131 von 11133131 331 131 11333331 3313 1133313333 ver-
3131331 133 3133131133 (133, 11 (11333 pris aebeat, 1333313133133331
13333, 11 33131331 331 133 3331 31331113 3131, 133131 (311333-
1331133 mut 331 mit 31113331 331, 331311331333 willon 31133 3331333
113133 3313331333133333331333 333331 (13331331331133 331333
(1313113133 1133333, A'pt 1333313331 (133 83133333 [1313 1333 Hey·
1333 0133313, 331 3113313331 3331313333 833133313131313131333133
331133 3133333 331313, 11113 3313333 3131 133 11131331οῆ 331 13-
31111313 3311313331313 311, Vm Ein 1311 31331331133313333 phen-
ning 3133133133333133, 133 13 3313333 131 33133133, 1133 be-
331311331131, 1133 11 11333333 (1313113133 Η33333, 131 1333311 331
1183333333333313 33131133 31133133 frumen 33131133 mit dem 333-
33333133 333133313131313131333133331133 33 333331333, 3333133133
331 33333, sem si wellen 33 allen 131331. 131 313 3331 133 333333133
3331333131313131 31333133 331133 13 3331133 33333 331 3313331113
3113 33333331, 313 333333 recht 131 331 133 Laudes recht 131 33
osterrich. 1131133 (11 33313 331113333131333 3313111313131331
33333333133131311, 13331333111311 vorgenanter 11113131 (3311133131
133 33333133 (1313113133 1133333 11333 Priff zu 313333 waren 333333
331 33 313333 1131333 3331331 1333133133 mit meinem Insigel. 1133
13 131 3333333 Ν331 01313133 3313311133313313311331331 1331133
333113 13131133 331 31313131131313 133 33 33333 333333 Τ33, (133 (13
13131 di Schidung.

03131331 331 1333333331, (133333 813331 13111

CLXXXIV.

1³43, 20. September. - Nielae der 2333313313333133138313 1133331133·
1333133 die 1131133333 ihrer Streitiykez't 311 (133 311131 11311133313333 noegeu
31333 Hoste 33 Windm

131113133133 113333331οῆ33 331 1311133331 (133 Tzerrmdorser,
desselben Nielae 333, wir 3331133 331 1333 31331 3133131313333
diesem brief allen den, di 13 331331, 133331 oder herent lesen, 133
wir 3311111133, (311 313333 331 (311331 aller 33333 33133 (133 313133,

 

