310

11100, 1101100110101333. 113111111. 11113οα 30, 1001011, 3000100101οο 10
- 1100000011 10 1331. 11. 110. 011111 0010000103 1330. 11. 137. cmlv.
-011001101001000011 ιιι 1371. 11. 300. - 30, 10010131313. 11. 133. 0111111.

00111111. - 1300. 11. 373. 0001111. -30,11101001,1100000 1373. 11. 303
- 301101 zu 31. 1100110 1330. 11. 313. 0011111.

00101111. - 30, 11101001 1300. ΙΙ. 337. 001011.
- 311111010οι, 1100100 10 1301. 11. 330. - 30, 0110 1370. Ι. 173. 011111.

00011. - 30, 0110, 31100 1100010010 1373. 1.
·- 1100100000101-3011011000001100010οι- 133. 010111.

110001000. 11. 300. 00011111. - 30, 0110 1333. 1. 311. 00111111. -
- 01100000011111100000011)13101100. 1330. 1. 330. 0011111111.

107. 11. - 1301110. 1113011. - 30, 0110, 3010013031. 371. 000111.
- 1003000000 1331110. 11. 100. 1111. - 30, 0110 1301. 1. 371. 00011. -
—- 100ςο000000 1310. 110. 11. 10111. 1303. Ι. 370. 000111. - 1307. 1. 333.
- 0011300310311303.1101113011. 00011111.

-1303 Ahg. 11. 131. 1111. -30,01101300.11.1.Ι.-1300.11.
- 300010000010101310.13011107.11. 3111. - 1301. 110. 11. - 1303. ΙΙ.
- 3100000100οω 10 1303. 110. 11, 133. 011. - 130311101. - 130111.

111. - 1303130. 11133111. 13. 11. - 1331. 11. 00101.

- 3101001100001303.110. 1113011. -· 30, 0110, 30110 1331. 11. 00. 101.

1110000030011337. 1. 333. 0011111, - - 30, 0110 133111100. 1011. .

1330. ΙΙ. 333. 001011. - 30, 0110, 0010 1331. 11. 1001011.

3100130001333.1.137.011111. - 1331. 11. 100. 10111.
1110000010ἰο 000003, 3010 1331. 1173. - 30, 1100010 1331. Ι. 131. 011. -

1111. 1333. 1. 103. 01111. - 1370. 1. 171.
- 11010101, 0010 1331. 11. 70. 1111. 011111. - 1373. 1. 131. 010111.
- 0011001331. 11. 73. 1111. -30, 1100010, 100100 1330. 1 330.
wig-ndu 01 1100010100 1001000 1110010010 0011111111. ·- 1303. Ι. 371. 000111.

1313. 1. 113. 011. - 30, 1100010 1301. 1. 371. 00011.
-100000,010001330.1.131011. -10, 1100010, 300300 1307. 1. 333.

1101101000. 1. 331. 00111. 00011111.

11113οη 1133. 1. 33. 1111. - 1373. Ι. - 30, 1100010 130011. 1. Ι. - 1301.
133. 010111. ΙΙ 1.11.-1303.11.0.11.

- 30, 11300, 301ιο 1331. 11. 00. 101. - 30, 110001, 000300 1301. 11. 3. 11.
-· 1331. 11. 100. 1011. - 133111. -30,11000101303.11101.-1301.
100. 10111. ΙΙ. 11.11.- 1331. 1100. 101.

- 30,11100, 3003001330. ΙΙ. 3101101011. ·-· 30, 30000100, 010001100. 1301111.

-30,1110011303. 11301. 0001111. - 30, 7300000, 000300 1370. 11. 313.

- 30, 001001, 3010 1331. ΙΙ. 10010111. 0011111111.

- 30, 003011, 3030 1331. 11. 00. 101. ·- 30, 10111οτ00 1107.1. 17.111.

- 1331. 11. 1001011. - 30, 0010001101. 1. 131. 011. -
- 30, 00000300 1333. 1. 00. 111111. 1303. 1. 331. 00111. - 1383. 1. 331.
- 30, 01101000, 31100 1333. 1. 331. 00111. 00111111.

- 30, 1110101010 130011. 1. 1. - 1301. - 30, 13011011, 10001301. 11. 1311.
11. 1.11. - 1303. 11. 0. 11. - 30, 13011013, 1111000 01100 1331. 11.

- 30, 1110011003 1370. 11. 300. 0011111111. 100. 1011. - 1331. 11. 100. 10111.

- 1330. 11. 310. 001111. - 1331. ΙΙ. - 30, Agna, 31101303. 1. 331. 00111.
337. 000111. - 30, 000031010, 3110 1333. 1. 331.
- 30, 00010013, 30110 1331. 11. 00101. 00111.

- 1331. 11. 10111011. - 1331. 11. 100. -· 30, 000110, 3110 1333. 1. 331. 00111.
10111. -— 30, 0110010111370. Ι. 1710111111.

 

