310

1111311 1111111111 11111113, 11 1111131111 11111 1111 11111111
111. Andre 11111 Wydem 11111 1111111311 1111 11111111 113111
1111111111113 11 1111 1111311 113. 1111111111 11111 11111113
11 1111 11111111 113, 11111111111111 einen 1111, 111 11111113111,
11 01111111111 1111, 1111111111311 11311111 11111113, 1111113-
1111 11111 1111. 1111111 111 11111111111 11111113 11 111111111111
113, 111111111111111111111111, 111 11111113111, 11 011111 11111
1111, 11 11111111311 11311111 11111113, 11 1111131111 11111 1111.
01111111 1111111111111111111 1111111311 1111 11111111 113,11
111111111111 11111 1111, ain 11111113111, 110111111111 1111, 11
11111111311 113 11111 11111113, 11111131111111111111. Andros
111111 11111 11111113111111 11111111 113, 11 1111111111111 11111
1111, ain 11111113111, 11 ostem einen 1111, 1111111111311 113
11111 11111113, 11111131111 11111 1111. nadal 8111111111· 11111
11111113 11 111111111111 113, 11 11111111111111111 1111, ein
11111113111, 11 011111 11111 1111, 11 saud 1111311 113 11111 11111-
1113, 11 1111131111 11111 1111. 1111111111111311111111 11111113
11 111111111111113, 11 111111111111111111 1111, 11111111113111,
11011111 111111111 11111111111, 111111111311113111131111113,
11 111131111111111111 111 11111 air. Jans Haqen 1111111111 phen-
111311 1111 11111111 113, 11 111111111111 11111 1111, 111 11111113·
111, 11 011111 111111111 111 11111111, 111111 111311113111111·
1111111111113, 11111131111 11111 1111 111 11111111. 1111111
Stellner 111111 111 1111111113 11111113 11 111111111111 113, 11111111-
1111111 111111111, 111 11111113111, 11011111 11111 111111111111
111, 11 saud 1111311 113 1111111111 1111111113 11111113, 11 111131111
11111 1111 111 11111 ayt. Ν111111181111111111 111 11111113 phen-
1113 11 1111 11111111 113, 11 1111111111111 111 1111, 111 11111113·
111, 1101111111111 1111 111 11111111, 1111111111311 11311111
1111111111311111113, 11 1111311111 11111 1111 11111111 111. Die
Peclzlin [111111111111111311 111111111111 113, 11 1111111111111
11111 1111, 111 11111113111, 11 011111 11111 111111111111 111, 11
1111 1111311 113 1111111111 1111111131, 11 1111311111 11111 1111 111
11111 111. [1111111311 11111111 111111131111111311 1111 11111111
113, 11 111111111111 11111 1111, 11111111113111, 11011111 11111 ¹
1111 111 11111 111, 11 1111 1111311 11311111 111 1111111311111113, 2
111113111111111111111111111111. ,11111111111111111 111111- ,
1111111111113 11111111111111113, 11 111111111111 11111 111111

 

