312

1133133333 333 313331333133 3311 31333133. Andre der 0133131331
333 313331333133 33313 31313133. 11333331 333 313333 3133133 33313
31333133, 3133 133 313333 313133 3133 31333133 331333 313331
313331333133 313 133 131 133 dem 1133313333313331331333133, 331
13313333331333313333, 331 331 313333 313133 133311333 3331
13333, 331 333 313333 31313131 1131331331 1333 1331 31333133, 331
133 einen] 313331333133 33 3113333133 33131 13313111333131333
313313 313331333133 3311 31333133 33 3331 11131313133331 3311
31333133 33 3331 1131333133. 1131 13313313 31313133 331133, 113 113
11313333 33Ρ131313133 11331333 133 11331, 33333111313133133133,
131 133 33313 (1331333311 33 331333331313 33 3333 an den 131 331,
33131133 133, 133 131 133311333 33113 1333Τ31 1333331 331311133
13 33133, 33 13113, 33 3311 331 33 13311, 33 331 33311131333333311111,
33333311 3133 3333333311, 313 33133333331131, 133 31133 1331133
33333131, 1333 333133 33333333113113 33 dem 1111133333, 333331 133
[1331313331 13313113133 33311333 333311333133333 133 133133333
33 0313333131. Ε3 131 3331 133 333333331 1333 133 recht, 13333
311133 31333 3333133 33333 3313133 (333 333133 3133333133 11113333,
113 13333 33113331 333113 131333. 11333311 1333 33 3311333 331133
131 31133133, 133 13333 33111331, 131 31133 133,133131133311333
331 13 dem Tel 1333131 331311133, 313 33 333 33 133 brief 133331
13133333131133 131, 313113 3333333333, 133131 133 3133333133 33-
1333 331311313133 133333, 1313111 131 1313 0333331 3333313 1313 dem
1131113313 1713331313 331 31133 133 33311333333311331 33113131 33
31331133 gegeben mit allen dem nwtzen, 333 3313331133, 313131
3331133 13 333333 33333 131 313 (133 313 13113 33 dem 3333133313
131333 33333 1333133311 133, 1311 1333133133131331331 3311313133-
1313 313313133333 31333133, 133313 (3131 33313331 333 3333131-
131131333331131331, 3133 133 31 113331133 31133 mit allen den
nvtzen, 333 331 3331133, 113 131133 33113331, 313 13333133331131
13331133 131, 31113 11113313113113131331 333113131 13133,13311333,
3133333131331333, 331 131333 3331 demit allen 133 frumen 33131133,
1333133133, (33331333 331 33133, wem 31 wellen 331 31133133
1331111113 331 1331313, 133 13 311333331 111331 3133 33331131 33 31133
313133 331 33 31133 133331. 1131 3313 3331 313, 131 3133333133 111331-
chart 13131133 331 3113 mein 3313313313333333133 133333 33
Ν111333331331331 31133 133, 133 133133 3311331, 131 31133 133, 133
wir 133311333 331 13 dem Τ31 1333131 33131113133, 313 33333 133]

 

