111

1011100 000 0011101 1111. 11. 110. cm.
11011111, 0110011111 1001101· 1111. Ι. 172.

000111.
1101111111, 11010100 1111100 1111. 11. 20.

mm.

110111111010011000101111211. 1. 111. 00.

-1101- 11001. 10 1000010000 1210. 1.
110. 011.

unu 11111010, 01100 me. 1. 217. 00111110.

- 0111011111.11.28.11111.

- von 110110, 1111101 111011. 111111.
- 101111011010000. 1100011011 1010.
11. 27. ml.

1101011101 tm. ng. 11. ιιι. 11.

- 1122. 11. 81 11111.

110οή110100 1000000 10, 0001001 von
000001 1080. ΙΙ. 177. 000111.

100001· 000101 1080 11. 010. 001010.

- 1101011110 1201. 1. 211 0011011. -
1001. 11. 7. 011. - 1110 11. 11.
1111.

-80111-101 101011. 182. 01110111.

1100011100. ’100010000 1211. 1011111.
- 11100 100 00101101 1120. ΙΙ. 112.
011 - 1110. 11. 121. CXXV.
-00011001100 111 11001 1010 11. 171.

-von 1101 110, 100001010, 0001101 01111.

1110. 11. 27. ml.

- 1010 110110, 000101, 00110 1010. 11.

2711111.

1100001010ιο 12101. 110. 01.

11000 00110100 1207. 1. 101. 011. -
1201. 1. 100. 010111.

- otto, 11100 1270. Ι. 101. 001. -
12701. 100. 0011111.

- 101011001201.Ι. 110. 010111.

- 0111000 1201. 1. 110. 011111. - 1271.
1. 102. 001. - 12701. 101. 0011.

- 0111000,111110 1270. 1. 101. 001.

- 11100, 1110127111. 101. 001.

- 11101110, 1110 11701. 100. 001111.

- 0110010111, 11Ιί0 12701. 100. 001.

- 100100100111271.1. 100. 001111.

- 1001010111το 1. 101. 001.

- 1100001010, 01101270. Ι. 100. 001111.
11000110 1278. 1. 211. 00111111.

- 01000100, 01100 1278. 121100111111.

- 0111011010011101270111100111111.
110110 00010010101101, 01100 1212-1282.

1121100111.

- 00010110 1282. 1 101. 01111. -
12801110. Ι. 010. 101.

- 01110110 1271 1. 180. 0101. - 1277,
1. 211. 001111. - 1277. 1. 211. 00111.
- 121111. 281. 000110.

- 0111011002. 11. 011.

- 0010000012771111. 001111.

- 1110101110, 0110012801111010101.
1101010, 0111011 1101101 1271. Ι. 100. 00.
1101101, 11011 1001. 11. 11. 11.

- 10, 11100011 101111101111.
mutuando« 1201. 1. 270. 00001.
,1100011000100 000001011101 1027. 11. 117.

01111.

-8111110101, 112 in 0011010 1101. ΙΙ.
001. 00011111.

11011000 1100001000ἰο 000100 1200. 1 01.
11111-1200101-111

- 00000 10 1100000 1201. 1. 1011011.
- 01100 01001001 1210. 1. 101111111.
- 110000 1010010 00101101 1200. 1. 100.
11111111. ’

11000110111281. 1. 200. 0011111111. -
1000. 11. 18. 1111. - 1100. 11. 10.
11111. - 1121. 11. 100. 1011. -
1021. ΙΙ. 10010011.

110010000110001201. 1. 128. 01111.

mutem 1188. 1. 21. 101. - 1100 Ι.
201011.

1101101 10011011 1011. 11. 11. 110111.

-— 000 1121. 11701111.

11001001 1101101000 1277. 1. 200. 0011111.

1100001010 10101111 1100. 11. 017. 0010111.

1101011013 10, 0011101110 1280. 1. 210.
0011111111.

1100001 1100. 11. 21. 11111.

00111ος de, 1100110οι 01010100 1210. 1.
0011101.

1000 0100101110 10 01011015. 11. 112.
010.

1100111111υο 111., 0011010τί10 00 110111000-
1100012110. 1. 111. 011011.

101111ιὶ100 00001100 00 flumenin-2 1277.
1101. 011111.

11011100, 100000110000101 1021. 11. 11.
1111111.

1101000100, 1111100101· 1100. 1. 20. 111.

1101011011 judex 10 0010112011. Ι. 100.
11111111,

110ίο101110, 8010001101 1700. 1. 100.
011111.

 

