165

1111 gegeben 11111 menn 11 1111111111111111 1111111111 CCC*
Tricesimo Quinto.

origin! 111113111111111 811111.

chxn.

1111111111.- 1111111111 111 Bruma 1111 1111111 11111
flamma, verkaufen 11111111 11111111111111 eim 111111 Walflezmdorf
11 der 11111111,

leh 111-1111111811111111Ρ1111111 111 ich 1111111 111111111-
11111 Wir vergehen 111 111 111111 allen 111, 11 11111 brief {esent
oder horeat 11111. 11 1111111111 111 11111111 111111111111. daz wir
mit 1111111111111111 gulen 11111111131111, mit verdaehtem 1111
111111311111111111111, 1111111111, 11 wir 11 11131111 1111111111,
111111111111111111 1111111111 111 geben 111111 111111 rechten chaur-
aigens 111111 1111, 111 11 111111 1111111111οῆ bei der Leyta, 11
fimf 11111111 heheu 1111111111111 swan 11111 31111111 11 11111
111 11 dors, 11 111 9111111 1111 1113111111 1111111111 111111111111111,
1111 11111311111111, 1111111111 dem nvtz 111 111111, 1111111111
aigens gewer 1111111111 1111111, 1111111111 11111111111111 111111
11111111 1111111131, 11111111111111 11111111] 1111111111, Dea
1111116111111111111 Horren Ρ11111 7111111911, 11 111 1111111111111
dem Η11119110111111111 111 8111111131 3111111 111 111111011111111
111 1111111111111111111111 1111111 11111111111111111 1111111111111
haben 111 11111 1111111111 11 mit 11 1111111111. 1111111111, 1111111111
111 geben, 1111111 wellen 11111111111111. 111 11111111 durch
1111111111111111111 1111111111· 111, ich vorgenanter Vlreich 111
81111111 111 111111 111 ich Wentel 1111 1111111111 111 11111111
orben muersehaidenleieh 11111 111 11131111111111 hof ze 1111111111·
1111111 1111111111 111, 111 11111 31111111. 111111111111111111 111,
[111 1111111111611111111111111111 111 1111111911 1111 dem Heih'yen
1111111111 111 111 8111111131 gamain 1111111111 0111111111 11111111
111 1111111111 11 11111111 111111 111 11111111 1111111111111111, 111

uigens 1111111111 1111111111 recht 11 (1111111111. 1111111111.
111 11 1111111111 dem vorgenanten 1111 111 11 1111111 111 111· 11
11111111, avie 11 111 1111111111, 1111111111 1111113 111111111111111·
111111 111 wem 11111111, 111 11 111 11111111111111, 111 1111 wir
in 11111 1111111111 11 11111 111 11111111 1111111 111111111111111
111 111 111 1111111111 1111111 gut. 1111111111111 1111 11111111

 

