171. 01111. -· 1111. ΙΙ. 111. 011111.

·— 1110. Ι. 117. 00111110. - 1111.
- 11. 111. 0011111. -· 1177. 11. 117.

1301111111. -- 1101. 11. 171. 011111.
11111, mm 11111 1100 1 10. 1111. -

111011. 111. 01111111- 1110. ΙΙ. 110.
¹ 0011. -· 1100. 11. 111. 001011. -

1101. 11. 111. 000. ·- 1111. 11. 110.
00011-1111111100001, - 1181.
11. 110. 01111111. -· 1110. 11. 171.
0001111. - 1100. 11. 177. 000111.
- (11.111111111111111118. 1. 110. 01111.
-1170.1.171. - 011111. - 1170.
1171011111. -— 1171 Ι. 111. 01011.
- 11, 111111111111711. 101. 01011.-
ms. 11. 10. 111.

- 111, 11111111 1101. 11111000110.
1111111111 01111111 011111. 1110. 1. 1. ΙΙΙ.
1111111 1111. 11. 1011111.
1111111111τί 1111. Ι. 111. 0111,
1111111111111107. 1. 111111.

111111, 011111 11101. 111. 0111111. -
1171. 1. 100. 00111.

111111 1111. ΙΙ. 1110111111.

11111 11 lon 011111101131111111111117.
1111111111.

111111, 011111111111. 1. 01. mn.

11111111, (handu 1111. 111. 1. 101. 1.

11111111, 1101111100. 117. 01111.

1011111111, nuncu· 11101. 110. 01111.

niunburg 11, 1111111 1110. Ι. 111. 0111111.

-111, veum-gu· 1111. 1. 111. 0111111.

- 11, ’11111Ιί1111 1101. 1. 111. 0111.

-111, camdus 111111 1110. 1. 171.

cmxv.

- 11, 01111111 111111 1110. 1. 171.

cum,

- 11, fridericus 1101. 1. 110. ew.

·— 11, ingulfi, 1111· 1100. 1. 110.

0001.

- 11, 11111111111111 1101. 1. 100. 0001.
011101111011111 1111. 11. 70. mv.
1111111111 1110. 1. 1110011111. ·- 1111.

11. 70. 11111.
111111111111101. 11. 111. 0011111.
11111111111111 11111111 1110. 1111111111.
11101111, centor 1171 1. 111. 0011111.
11111111, wemma 11 1111111011 1111.
11. 111. 001111.
Annua 0111111 1111. 11. 110. 0011.
1111111111111011111 1110. 1. 11. 1111.

111

1111111111 1. Abdum 11, 0111111110.
1. 11. 111. - 1101. 1. 1111111. -
11001111111.

Andron 11. 1111111. 011111 1110. Ι. 10.
m. - 1111. Ι. 10 111111. - 1117.
111. 1111111. =- 1111. 1. 01. L. -
1111.11ς.1.101.1. -·· 1110. 1. 71.
11. -1110 Ι. 71111. - 1110. Ι.
111111. - 1111. Ι. 111111. «-
1111. 111. 1101111.

- mem. 1110. 11. 100. 00111.

- 1111111. 1111111111 im 1. 101.
voum.

- 11111. 1. 811111οϋ111 1110. 11. 11.
mxx. -α 1111. 11. 00. 1011. ι- 1111.
ΙΙ. 110. 0111.

-111111 01111111 sumnum ongorii
1111. 11. 11. 1111.

- 11111111 nuh 1111. 11. 11. mv.

- 11111111111111111111101113111111.
ΙΙ. 11. 111.

υ- 11311111111111111311111010111111110.
11. 11. 1.. - 11111110. 1111.

- 111011111111111111. ΙΙ. 711111.

- 11 0111111111 1111. 11. 71. mv.
- bustorumque 11111111υο (1111111-
1011) mn· 11111111111111111111111.
11.11.1.1111.-1111.11.10.1011.-
1111. 11. 01. 1011.

·- 111111 111 7111111111111111 111111-
1111111111. 1117. 111. 011.

- 11111 11111111 1110. 11 1100111111.
- 1111111111 11111. 01111111 1111. ΙΙ.
101. 01111111.

-· 111. 0111111170. 11110. 0111111111.
- 1110111111111111110.11.110.001011.
·- 011 0111111 Ihm 1100. 11. 110.
001011.

—- 111 1111111111 1110. 11. 111. 111101.
1111311· 0113 11110. 11010. OEfflvssl.
111111 1111. 1. 111. 0011.

Anat, 1111111 1110. 1111111 1111111 1101.
111. 11. 111. 11.

Amemus 1101. Ι. 101. 01111111.

muninus 11111. 1111111111. 1010. 11-111.
011111.

1111111111 11011111. 1117. 1 01. 01111.
Arabum 11, Album 11111 1111-1101. Ι.
111. 0111- 1101 111011 (wl-
- 11, 01111111 1111110111111.

⁴-· de, 0101171. 1. 101. 0011.

 

