110

, 99111911111911119, 911991 191211.

179. 91119.

- 99111111 1912. II. 177. 91119.
911191111991919 1999. 11. 911. 99199.
9111911 99, 9911191919 1219. 1 117.

91.

91191111 1920. 1191. 1111.

919911 99111911, 91111 11 911911 1279. I.
199. 9919.

- 91111911, 111199 1279. 1. 299. 99191.

9111991119 1921. 11. 79. 1119.

- 99111911, 9919191 911191 1971. 11.
9009911119.

- 1119, 1111111111 197111. 900. 9911119.
9191919911, 91111 1279. 1. 291. 9919111.
9111119991 011911990. 1129199111911.
91119119111 1299. I. 229. 991119.
9111911919910119 1911. 9. 91. 11119.
9111911911199, 9119 1999. 9. 179 9111.
91919 0111, 9119911991. 9. 999. 99911.

- 1111111, 9119911991. 11 99999911
- 991119, 911991 1991. 11999. 99911.

9111111 19119 91111119 (1111111191) 1210.
1111119.

9111191191 1191119119 1292. 1. 199. 9119.

1111119119 191911971. 11. 999. 99111111.

911119119111992. 9. 191. 91

1119111911 991199 1999. 11. 910. 991919.

919111119, 111. 9919. 9119. S. 9. 991119 91
91111111 1199. 1 11. 1. - 11911.
22. 19.

91111911 1111199111, 1191191191 1209. I.
11. 1111.

9191911111 11., 991111229 I. 70. 1911. -
1229. 1 79. 1991. - 1229171111.
- 1290. 1. 71. 119. -1292.1.79.
LXVII. - 1299.Ι.91.11111.-1299,
1911111111. - 1291. 19911119.
-12911991119, -1299191
11191. - 1299. I. 88. 111911 -
1299. 1 99. 111919. - 1999. I. 99.
mm ·- 1291. 111. I. 297. V.

- 1 1272-1279.111. 11. 101. 1.
-911 s. 9. sergii et 11911 1111. ι.
9. 111.

- 9119. 9. 11199 1199. I. 9111.

- 9111199111 1279. 1219. 9911111.
-911911.91911299.191.1111.

- 9111191 119 991911919 191 09911111
1911. ΙΙ. 91. mv.
91119, 111111 0119111 1289. 1. us. 99111.

91911111 991 9191191 1299. 111. 1 921.
11. - 1291. 1 279. 9999111. - 1999.
9. 21. 1199.

91919190011211-1991. 1119111.

(11911911 1191191 1191119 1999. 11. 19111.

-191 wien 1909. 1129. mu.

-1911111909112111911

-9911111119111911 99191 1911. 11. 90.

mm.

- 919119119911 1911. II. 99. 111911

- 991911 1991. n. 117. 91191

-191911 91191, 11911. 1999. 11. 221.

991111.

··. 01191 9911 1901. 111. 11. 101, 19.

-191911 1999. 11. 221. 991111.

- 011191, 9111119 1922. 1111111111.
919119111911 9911111, 91111 12991. 122.

91911.
- 99, 9911991 11119 1991191919 1299. I.
199. 9111111.

- 99, 99119911 12991. 1919111111.
919119 99111119 1912. 111. 9. 199. 19.
91911191 911111 1979. 11. 910. 99111991.
91911 9911111911 191911. 197. 9111119.
91191191 99, 1119911111 1299. 1. 219.

9911111.
- 99, 91111111, filiun 1299. 1. 219
9911111.

911999, 9911191191 191 91991 1999. 11.
219. 991191- 1999. 11. 211. 9911911.
- 199911. 219. 9911191- 19919.
297. 99111991.

- 9919191 1921. 11721119.
9119119911 99, 19911191111199. I. 21 191.
91111991111119, 911111111990. 11. 911.

9919911.
- 011119 191 91111111 1999. 11 911
9919911.

911111191ιωί1 99, 111919 1209. Ι. 92.
1119.

9111111911 111919, 111191119111. saier-
1111 1209. 191119.

9111111191, 991119 1921. 119911119.

91111111 1921. II. 97. mlv. - 1999. 11.
911. 991999.

1111111991 9911191 191 91 1111111 192111.
991119.

11199191 Heinrich 1999. 11. 118. cuv,

91119 99, 9911119111219.1. 111. cvl.

9191999191199, 99111911 1291. 1. 191,
9111.

 

