881188 818818 1282. Ι. 881111.

8888 88, 1188888888 1188. 1. 28. 1711.

88818ς, 11181 1811. 11. 212. ccvi.

- 1858. 11244. CCXXII.

- carthuse 1877. 11. 817. 8111111111.
- 81. 1188188 71888 zu 1877111117.
88111111.

88888812141. 128. 81171.

888818888Ιά88 1288. 1. 144. 8117111.-
1288. 1. 141. 81111. - 1281.1. 112.
011.- 1282. 1. 181. 81117.

8888 1288. 118. 1. 818111.

- 88, 8818818818888888112821181.
821. 111.

- 88, 888118, 8881282118. 1. 821.
111.

888888 7881 1888. 11. 888. 8881111. -·
1887. 11. 882. 8881111111.

888188881881821. 11. 78. mv,

8881888 1178188881 1821. 11. 78. mv.

88888888888881881. ΙΙ. 218. 8811111.
- Philipp 1881. 11. 218. 8811111.

emersam 1284. 1. 271. 8887111. -
1881. 11. 7. 7111,

8818188188, weingarten 1818. 11. 88, 117.
8818881881 1288. 1. 81. 1111. - 184811.

178. 8111111.
8811888888, 111 v. 1111881818 1227. 1. 87.

m.
- Prior, 111. 18. 1811 1288. 12818811.

(1818818, 18888811884. 115. 11. 484. 111.

8818818, 7181838188 888 18188 181811.
27. ml.

8818818181818 12881288. 8881111.

1181818888 12181. 18. xxxvl.

- 88, 811818, 8181818 88881 1271. 1.
188. CCXV.

- de, 811818, 81188 1271. 1. 288. 88171.

8818781888 88, 81181 1288. 1. 287.
88187111.

8818181888 8118 1881. 11. 7. 711.

881881, 8888888178 888 8888818188188
1188181888 1322. ΙΙ. 88. 1117111.

88188818 Peter 1821. 11. 721117.

8818888118 1888. 11. 173. 8111.

88188881 1188. Ι. 2. Ι.
- -11883 1272. 1. 182. 818711.

88188888811248. 1, 111. 871. - 1217.
1. 188. cxl„
88188188, eanonicus 1811881 1871111828.

88181.

447

8811188 88, 8118888188 1277. 1. 287.
881171.

8881881, weingarten 181 8881188888 1881.
11. 142. 811111.

888888888811888. 11. 118. 817. - 1881.
ΙΙ. 188. 811111. - 1881. 11. 187. cmv.

88888 1888. 11. 878. 88817111.

Georgius, 8188188188888 1888. 11. 878.

⁴ 888111.

-· 81881. 8. 88888188 1828. ΙΙ. 8811111.
- 1828. 11. 88. 1811. - 1821. 11. 88.
1817. - 182711. 118. oxu.

·- 888188 88 11881 1888. 11. 141. 8111711.
- 1838. 11 174. cml. - 1847. 11.
282. 818711.

¹- 888888οηί888 8811881. 1878. 11, 882,
88181.

88888, Α118.118111ςο818888 188811. 28.

· 11111. - 1887. 11. 22. XXV.

-· 888 71811 1884. 118. 11. 488. 111.

·— 188188 zu 18111888188881281. 1. 241.
881117. - 1284. Ι. 278. cccix. -·
11881. 11. 18. 11.

- 1181188818 mingentem 1882. 11. 81.

·- 18 8888 predio 88 11811188818888 1878.
11. 828. 88181.

·- Magister 1814. 11. 41. 117.

Goon-g 88 1118888811 88 wien 1828. 11. 128.

· om. ,

- 8881188181883, Wiener nfirger 1888.

’ 11. 878. 8881111.

-118188888178 8818 1881. 11. 117.

» 811111.

888888 1188811 1818. 11. 88. 117.

888, 1781838888 zu 818183182811118.
8171.

- 17818 1284. 1. 271. 8887111.

(188881 88, 1888888888 1282. 1. 111.
811111.

·- 88,11888888888,11188 1278. 1281.
CCXIX. - 1288. 1. 221. 881171.

- 88, marquardus 1278. 1. 281. 88111.
- 88118888888881288. 1221. 881171.
- de, 8118881888 1278. 1. 281. 88111.
- 88, 8181888, 111188 1288. 1. 221.
881171.

- de, Agnes, 1118 1288. 1. 221. 881171.
- de, 8881881118, 11118 1288. Ι. 228.
881171.

- do. Margum, 11118 1278. 1. 281.
88111.

 

