482

otto 911111111 11 91111 111111 12991299.
99199111.
- 11191111111911111111111111 1904. 1113.
11. 199. 111.
- 111111 911111 1900. 11. 9. 111.
- 111111 11 91111111991. 11. 192. 919111.
- 111111 1271. I. 192. CCIX.
— 111111 1111111111 11 9111111111 1299.
1. 2111. 9911119111.
11111111 9111111111 1294. I. 279. 99911.

Ρ. 111111 11 1111111111 111111111111191111111
1249. 1. 118. CXII.

911111111294. 1. 279. 9999111. - 1912.
II. 991111. - 1994. 11. 192. 919111.

- 9111111111 1949. 11. 207. 9911.
- 1908. 11. 294. 9919111. - 1979. 11.
299. 99111111.

91111, 911111 111111111119111111ς 1279. Ι.
2119911119. - 1299. 1229991191.
- 12911. I. 299. 991991. - 1290. Ι.
289. CCXCVII.

- 1191111111111990. 11. 9.111.

911111111 191111. 48. 119.

911111 Thomu 1990. 11. 999. 991919.

911911111111111 12110. 1. 121. 919.

9111111111 111., 111111 111 1999. 11. 221.
CCXIII.

9111111111111111 1912. 11. 99. XLII.

9111111911111111111 1272. 1. 181. CXCVI.

9111111111 11111 cometen-ium 12791. 171.
CLXXXVII. - 1279. I. 177. CXCI. -
1274. I. 199. 99911.

- 1111 111111111111 9111111 1279. 1202.
CCXIX.
- 1111111111111111 127711111919111.

91111111, 9111111111 91111 1294. I. 272.
99991.

-111 111 9199111111 1294. 1. 279.
99991.

9111111111 111 11111 91111111111270. I. 174.
CLXXXVII.

911111111 111. 9111. 91111). XII. Apostolorum
1197. 1. 29. XV.

911111111111111111 1994. 11. 992. 99911.

911111 1111111111 1991. 11. 117. CXLIII.

9111111111921. 11. 77. LXXV.

911111111111299. I. 199. CLXXVII.

9111111111 11111111 1299. 1. 212. 991191.
- 1289. I. 241. CCLXV.
911111, 9111111111 12991. 119. CXIII.
- 11, wolfgerus 1299. 1. 219. CCLXXII.
9111 199911. 1419111911.
0111, 11111 194911. 199. 919.
- 1999. II. 209. 99111.
91111 1111111111 199211299991191. -
1979. 11. 927. 99191.

91111111111111, 111 1279. 1. 2199911191.

9111111111 11, 91111111 1291. 1. 128.
CXXVI.

911119111111111, 111111111111210. 1. 101.
1919.

9111119111111911111 1919. 11. 209. CCII.

911111191111111 91111111 1999. 11. 299.
9919111.

9111111 11, Ilugo 1197. 1. 17. 111.

911111 199911. 199. CXXVII.

91111111 9111111111 1990. 11. 190. CXXVII.

911111 1111111111 1921. 11. 72. LXXV.

91111111249. 1. 109. XCVIII. - 121911.
109. XCIX.

91111111 1901. 11. 14. XVI. ·,- 1904. II. 19.
XVII. - 1921. 11. 7911191. - 1981.
11. 919. 999.

91911111ιὶ1 1111111191111111111920. 11.
99. LXIX.

9111111111111 11, 11111111 1111112991.
199. CLXXXI.

91111 9111111111 1921. 11. 77. LXXV.

Pauorherg 9111 1999112711. 99111.

91111111111 91111, nath 111 9111119111
1999. 11. 297. 99111.

91111111 9111111, 1111111111 1921. 11. 79.
LXXV.

9111, IIII v. 1111111111 1912. Ihg. ΙΙ.
49919.

91111191111111 1197. 1. 22. XV.

- 911111. 1. 9111111311 1992. 11. 299.
CCXLIV.

-1111 111111111111, 91111. 1. 91111111
1272. 1. 199. CXCVIII.

(9111)91111111.11111111111 1919. 11. 19.
LII.

911111, 911111 1111111111, 111111 91111111-

 

