170

menimdorf, Mergereth 00 (1), 1100010110
1000. 11. 000. 0011111.

1110010001 1080. Ι. 001. 0011111. -
1000. 11. 000. 000111. ,

- 1000000 00, 0010 1010. 11. 17. 1111.

-11010000 00, 1100000 1000. 11. 107.
011111.

- 00, 11000000001000. 1. 000. 00101.
- 1000. 11. 10111. - 1001. ΙΙ. 10.
11111. - 1000. 11. 00. 111111. - 1010.
ΙΙ. 001111.- 1010. 11. 101111.-
1010. 11. 00. 1111.

- 00, 1100011000, 00100 101011. 071111.

·- 10, ,100010001000 ΙΙ. 100. 011111.
- 1001. 11. 110. 011.

- 00,1100011000,10100,00000. 1000. 11.
107. 011111.

- 00 (1), 1110101 1000. 11. 001. 0111111.

- 10,11101000010,11ιο01000 1010. 11. 00.
1111.

1111100100ος 00, 100101000 1001. Ι. 008.
001111.

- 0101001 0001100000 10011. 11. 100. 01.
- weingarten 1001. 11. 000. 0011.

1111100001, weingarten 1070. 11. 000.
00111111.

- 1101010ος 1000. 11. 005. 00011111.

11111001001, 01100 1070. 1. 170. 011111.

1111100 11000, 01100 1000. 11. 1.1.

111110οΙ, 1101ομ000 em 00000010ος0 1000.
11. 000. 00111110.

1111110οο Penne, Weingenten 00 110000ος
1010. 11. 80. mex.

1111000οο01 00, 1110001000, 001100 100111.
100. 11111111. ·
- 01101000, 0110010001. 1001111110.
- 00,1“0100010001000. 1100. 0011111111.
111110οι00110 1007.1. 000. 00011111.
111001 meg. memineram Regino 01000100
10 Seru. 1000. ΙΙ. 00. 11111.

1101011, mugiet. Tnvernieornm Reginee,
00000 00 ems 01 censentientem.
1011.

- ungine. 100000100ηο Regi-ee, 000000
00 Geren 01 00 00101100 1001. 11. 011.
1011.

- conen semegem, 000 v. 0100001010
100111. 110. 0111.

11000100, predium 1001. Aeg. 1. 000. Ι.
1100100100 000000001001. 1. 101. 0111.
- 1100101000 1000. Ι. 080. 00011111.

1100100100 0101000 1080. Ι. 000. 00111111.
1100010000001000 1000. 1. 00. nmen.
100000οο0001, eirea 1170. 1. 0. 11.
11010000οο1 de, linge 1000. 1. 001111.
-1000100111- 1007. 1. 001111.

- 00, 100001οιιο 1000. 1. 00. 111. -
11υο0001001 1000100111. - 1007.
10011.

- 00, 1110100000 1000. 1001111.
110011ος, 11000101ιο 00. 0100011711. 1. 0. 11.
- 11010οη0 00, eim 1178. 1. 0. 11.

- Repete 00 1170. 1. 0. 11.

-1100000000010 11071. 17. 111.

-,- 1100100000 00 1010. 1. 0011111.

- 1001101000 00 1100-1000. Ι. 08.
11. - 10001. 110. 01111.

- 01101000 00 10001. 110. 01111.

- ripe 1100. 1. 01. 1111.

-1170, 1. 11. 1111. - 1010. 1. 10.
11111. - 1000. 1. 00. 111111. -
1000. 1. 110. 01111. - 1000. 11. 17.
111. - 100011. 01. 1111111. - 1025.
11, 100. 0111. - 1001. 11. 110. 01111.
- 1000. 11. 100. 0111. - 1007. 11.
171. 0111111.

110011ος 1010. 11. 188. 0111111. - 1001.
11. 070. 001111. - 1007. 11. 077.
001111. - 1000. 11. 000. 001111. -
1000. 11. 001. 001011. - 1001. 11.
087. 0001111. - 1001. 11. 000.
000111.

11031001ἰο00 0., erae. v. 11ιί00 1007. Ι.
0011111.

110ςο0110 1000. ΙΙ. 077. eccm.

10011100 0110101100 1001. 11. 000. 0001.

1101100, 110οΙ1000 judex 10 0001010 1057.
1. 100. 011.

110100000011000. 11. 000. ccxciv.

11000110100000001011. 11. 00. 11111.

1100010100100 00 00000000011001. 11. 70.
1111.

11000 0. 110010 1001. Aeg. 1. 000. 1. -
1007. Α1ς.1. 00011. - 1077. 1010
11. - 1000. 101011.

110010, 0110010οο 1000. eng. 1. 000. 111.

11001000 Brnv 1001. 11. 71. 1111.

morimundum 11001. 1.1.

1100100000 00, 1010001000, miles 10001
150. 0111111.

1100100000 zu 1110001001 1007. 11. 170.
011111.

 

