· 188

8101110111, 11111 1178. 08. 11. - 1277.
1. 210. 001111.

8101111011 1288. Δὶς. Ι. 320. 11.

- 11111 1802. 11. 8. 11.

- 0110 1317. 11. 82. 01111.

- 1388. ΙΙ. 281. 00011.

- 01111 1882. 0. 881. 0001111.

- 81, 0118011111111 1800. 0. 3. 111.

81011110111 81, 110111 1288. 1. 211.
00011. - 1288. 0 212. 000111.

- 81, 0111118, 111111 1880. ΙΙ. 812.
00101.

- 81, 11111111 1301. ΙΙ. 7. 1111. - 1801.
108. 1111.

- 81, 1111111, 811811 1308. 11. 231111.
— 81, (inore, 011811 1380. ΙΙ. 311.
00101.

- 81, 01111111, 1111111, 11111 1210. Ι.
101. 1011.

- 81, 110111, 111111 1380. 0. 312.
mxcv.

- 81, 01110118, 111111380. 11. 311.
00101.

·- 81, 1111111111 1880. 11. 811. 00101.
- 81, 01111118, 81011808. 11. 28. 1111.
- 81, 011111 131011. 18. 010

- 81, 1111111118 130811. 23. 1111.-
011811 1808. 11. 281111. - 1328.
11. 88. 01111.

- 81, 0111118, 0111111111 1318. ΙΙ. 10.
011.

-1111111300101 11. 112. 111. -
1387. 101. ΙΙ. 111. 1111. - 1370.
sti· 11. 118. 11. - 1872. 101. ΙΙ.
1101111.

810111111101 81, 0011011811 1271. Ι. 180.
00111.

8101111111 1118111 1370. 11. 810. 00011110.

810111131111 01111111 1281. Ι. 128.
cxxvi.

sconenberg 81, 0181111111 1210. 1. 113.
011.

-81,111111ο 1218. i. 118. 011.

8111110113 81, 1111011811 1207. 038.
1111.

8111111181 81, 0118111111 1227. 1. 87. LV.

81111111 0111113111 1187. 1. 17. 111.

81011011 011110, 810113118111111813311
1380. 11. 310. 001011.

seber Simon 1371. 0. 207. 00011.

810111111181,Λς1111, 118111 1211. 1. 108. 011.

8101111111 81, Agnos 1280. 1. 118. 01111.
8181111, 10111 1303. 11. 388. 00011111.
1111111811ιί1 11111111 1288. 1. 108. CLXXX.
8111118 12081. 108. cmx.

- 81 , 011111111280. 1. 78. 01111. -
1218. 1. 111. 011. - 1287. 1. 138.
CXL. - 1283. 1. 188. 0011111. -
1288. 1. 188. CLXXX.

— 81, 1111011811, 1111111711. 1010.
-1178, 1. 12. 1111. - 1188021.
111. - 1180-1210. 1. 28. 11111. -
1180-1210. 027. 111.

- 1111011811, 011181811011111203. Ι,
31. 1111.

- 81, 1111011811 11 1118118, 1111111203.
Ι. 321111.

- 0018118111 81 1178. 1. 121111.

811, 11118 1301. 0. 7. 1111.

8110111111 Winkrl 01111 0111001011 Burg-
1011 1821, 11. 71. 0111.

81181 ron 0181111111110 1321. 11. 71.
0111.

81181811 1111111 1888. 11. 108. 0111.

811811811111311 1838. 11. 188. 001.

-11 811 11131118οΙ1 1371. 11. 302.
0001111.

81181111 811 01111111011 1321. 11. 70.
011111.

81111118, [immorer nn 01111111111111321.
11. 08. 01111.

- 11108010111111, 01181111 Hriiigen-
krnnz 1321. 11. 78. 0111.

- 01111011111181131011 n. Neneigen,
11 0101311οη111 1388. 11. 172. CLXIX.

8111118111 juna 1232. 1. 80. 0111.

8111118, 0111110111 nn 0111118181111380.
11. 188. 011111.

81111, 0111111111. 1387. 1011. 11. 113. 1111.

81111118, 10111081111111111 1371. 11.
301. 0001111.

81111111011111101111831. ΙΙ. 111. 0101.

81111101111111, milri, 1111112101. 101.
1011.

811ομ1, 11111 11 01110 1250. 1. 120. 01111.

81131111, 0111311111 1101181111111 1388.
10211. 001111.

8111311111 Friedrich 1311. ΙΙ. 180.
001111111. - 1381. 10212. 0011.
·- 011111, 0111111111 1811. ss. 100.
cmxviii.

Sengo 1111111111 1218. 1. 118. 011.

 

