111

chutingen IIndmnm IIInIIIerinIII 31111
1233. 1. 31. 1111.

- 1111111111 1227. Ι. 8811. - 1281.

238. 0011111. - 1281. 1. 238. 0011.

-11,1111111238. I. 112. 0111. -
1283. 1. 113. 01111.

01111113 11, nanticus, 1111111181. 31111.
1282. 1. 181. CLXIII.

- 11, 111111111 12811. 237. 00111. -
1233. 1. 283. CCCXIII.

- 11, 1111111111,11111111111 1288. 1.
231. 0011111.

- 1118111111 1283. 118. 1813111.

- 81111 v. 1373. 11ς.11.111.111. -
1372. 113. 11. 117. 1111. -— 1872. ug.
11118. XVII.

Chvenn Sohn 1331. 113. 11. 131. 111.

01111,11111113111ν.1331.11.387.0001111.

cin 01111111, cite· 1212.1.17.11111.

cinthius, 111. 11118. 01111111 8. Laurentii
1213. 1. 1811111.

0111111111, 11811111. 311111111338. 1. 287.
000111.

011111111111 1288. I. 131. 01111.

01111111 11. 1181111111111111111. -·
1318. 11. 138. CXCII. - 1333. 11. 212.
CCV.

(Clemens) 18811 8111111111 Vnam 1373.

11. 231. 001111.
-11,11111·1331.11.8.11. - 1333.
11. 13. XIV.

-· 11, 11111111 1281. I. 288. 0011.

- 11, 01111111 1187. I. 17.111.

-· 11, 31111111, 111111333. 11. 18. XIV.

- nors 1372. 11. 233. 00111111.

’- 111111 1387. 11. 238. 001111.

- 11111111 1387. 11. 238. 001111.
011111, 81111. v. 1311111233. 1. 811111.
01111, Iocus 1283. 111. I. 818. XV.
0111111111. konig v. Ungnm 12331. 78.

1111.
Colentum, I’IImmeIeter ιιι 3111131111111
1388. 11. 283. 001111.

- 311111 zu XIosIerneuburg 1378. 11.

337. 00111111. - 1381. 11338. 000111.

- 1., 181 v. IIeIIIgenIreuz 1888. 11. 213.

00111111. - 1888. 11. 211. 001111. -
1383. 11. 288. CCXXXVIII. — IIIIII.
282. 00111. - 1331. 11. 281. CCXL. -
1381. 11. 288. CCXIII. - 1331112118.
0011111. - 1882. II. 288. 001111. -

1382. 11. 287. 00111. -· 1382. 11. 288.
001111. - 1381. 11. 272. 001111. ·-
1388. 11. 273. CCL - 1387. 11. 278.
00111. - 1388. 11. 281. 00111. -
1373. 11. 232. 00111. - 137211. 238.
00111111. -· 1371. 11. 237. 00111. -
1871. 11. 833. CCXXXIII - 1371. 11.
333. 0011111. - 1373. 11. 338.
CCCXXVIII. - 137811. 311. 0011111.
--1377. 11. 318. 0011111. - 1377.
11. 313. 00111111.

omma 11., 181 zu fleiugonkmz 1378.
11. 313. 0011111. - 1378. 11. 323.
00111111.-1378.11.322.0011111111.
1373. 11. 321. 0010. - 1373. 11. 338-
00101. - 1383. 11. 338. 001011.-
1383. 11. 338 0010111. - 1383. 11.
313. 001011. - 1383. 11. 311. 00101.
1383. 11. 811. CCXCVII. - 1383. II.
318. 00101111. - 1381. 11. 318. 001011
- 1881. 11 817. 000. - 1382. 11. 331
0001. - 1381. 11. 888. 000111 -
1381. 11. ,337. 0001111. - 1381. 11.
388. 000111. - 1381. 11. 383. 0001.
- 1381. 11. 388. 0001111 - 138811.
383. 00011. - 1388. 11. 383. 000111.
- 1388. 11. 873. CCCXVII. - 1383. 11.
288. 00111. - 1383. 11. 378. 000111.
- 133211. 381. 0001111. -· 1332.
11. 382. 000111. - 1333 11. 381.
0001111.

Colonum 1111 ιιι 81111 1311. 11. 183.
CLXXXVII.

Commium 1317.11.81.111. - 1317.

11. 82. LVII.

011η1ι1 1138. 1. 8. 11. - 1237. 1. 37.
XXIX. - 12811. 131. 0111 - 1238.
1131323113.

- 3111111111 01111111 Legat eI 81311111

. 111111228.1.83.11.-1238.1.81.111.
- 31111. von 01111111 1288. 1. 288.
0011111111. - 1233. 1. 283. 001011.
- 1233. I. 288. 0010111.
-811111111111111311 1217. 1. 118.
CVIII.

- 8111111 von Lnnnt 1288. 1. 288.
0011111111.

-3111113111111188, I. 8. IV. -
11831111.

- 81181111111811181111333.11. 11. XII.
- 181. v. 11111 1178. 1. 11. VIII.

 

