151

1111111111, 1111111111, 01111 0111111 1271.
1. 190. 0011.

-111, herhardus, 111111 1299. Ι. 291.
001111.

-11, 1111111111, 91111 1290. 1. 207.
00101111.

- 111, 11911111111,11111 11911111271.
1. 199. 00111.

-111, 1111111111, 111111 1299. I. 217.
0011111. - 1289. I. 218. 00111111.
-111, Heinrich, Sohn 1290. 1. 207.
00101111.

- 01, 1111111111 1299. I. 209. 0001.
-111,111111111, 111111 1291. 1. 290.
CCCXIII.

-111, 11131, 11111 1192. I. 1211.
-111, 1111111, 9111111 1910. 11. 229.
00111.

-111, 1111111111τά11, 111111 1299. I. 217.
0011111.

- 111, 01111111, 11111 1182. 1. 12. 11.
- 111, 911111111, Ρ1111111111111111111111
1290. 1. 207. 00101111.

-111, 1111011111, 111111 1111111111. I.
190. 0011.

- 111, 1111111111, 111111 1299. 1. 219.
0011111. - 1289. 1. 219. 00111111.
-0111,11111 1182. 1. 12. 11. - 1190
-1210Ι I. 27. 111. - 1299. 1. 99.
LXXXVII. — 1299. I. 100. 11111111Ι
- 1210. I. 119. CXIII. - 1211. 1. 127.
CXXIV. - 1211. 1. 129. 011111. -
1217. I. 199. 011. - 1219. I. 112.
0111. - 1219. I. 119. 01111. -
12111. 101. 0111. - 1200. Ahg. I.
910. VIII. - 1299. 1. 109. 011111. -
1271.1. 177. 01011. - 1271. 1199.
0011. - 1271. 1. 200. CCXVII. -
12711113. 1. 919111. - 1279. 1. 221.
00111. - 1279. I. 222. 001111. -
1290. 1. 221. 001111. - 12901221.
00111. - 1281. 1. 229. 001111. ·-
12991. 290. 0011. - 1289. 1. 291.
001111. - 1299. 11111. 9111. 111. -
1291. I. 297. 00111. - 1291. 1. 299.
001111. - 1291. 1111111111,-
1290. 1. 211. 00111111. - 12911. 1.
212. 001111111. - 1290. I. 219.
0011111. - 1297. 1. 211. 00111111.
- 1299. 1. 210. 0011111. - 1291.
I. 271. 000111. - 1291. 1. 279. 00011.

- 1291. I. 290. 0001111. - 1291. Ι.
291. 0001111.

1111111111, 0111, 111111, 111111 1271. I. 200.

00111.

- 111, 0111, 9111112711. 1. 200. CCXVII.
- 1290. 1211. 00111111.

-111, otto, 111111 1299. I. 219.
00111111. - 1299. 1. 209. 0001.

- 111, 1111111111, 11111111 91111 1271.
I. 199. 0011.

- 111, 01111111111711110.00111111.
- 12891211. 0011111.

- 111, otto, capitaneus 111 91111 1271.
Ι. 190. 001111.

- 11, 0111 1111111299. 1113. Ι. 911.
111.

-111, 0111, judex 1111111111Ιί1 1292.
Ι. 11101111. - 1209. 1. 119. CLXVIII.

- de, 0111, judex 111111111111 1279. I.
191. 00.

- 111, 0111, 1111111111111111 11111111
1271. Ι. 197. 00111. - 1271. I. 192.
0011.- 1271. 1. 199. 001. - 1271.
I. 191. 0011. - 1275. I. 199. 0011. -
1271. 1. 199. 00111. -12711200
CCXVII. - 1277.1.210.00111111. -
1279. I. 210. CCXXXIII. - 1279. 1.
218. 00111111. - 1279. I. 219.
0011111111.

-111, otto, 111ηά111111 1290. I. 200.
00101111.

-111, Ignes, uxor 1290. I. 211.
0011111111.

-111, 9111111111, 1111 1297. I. 211.
00111111.

1111111111 1111111111 1999. 11. 971. 00011.
11111111111111111,111111111 1211. 1. 127.

CXXIV.

11111111, weingarten 1991. ΙΙ. 109. 0111.
111111191111111 1998. 11. 991. CCCXXXVII.
IItuhney‚ 11111 in 11111111111111111927.

11. 111. cxl.

1111111111 199011. 111. CXXXVIII.

- 111, 111111900. 11. 191111.

- 01, 1111111111 1201. 1. 10201111. —
1272. 1. 191. 01011.

- 111, stephan 1900. 11. 19. 1111.

11111 9111191111, 1111 1111111 1291. 1. 279.

00011.

1111111111 111, 01191111111299. 1. 211

0011111. - 1289. 1. 210. cclxxxvi.

 

