CXXV.

1³³⁰, 0. 1111111, 111111- 1111111 der· 111111 1111111111111 meu 1111111·
1111111111 der von Herm 11111111111811111111111111111 8111111111-

und Jahrtarutcfrunr.

WirPruder Jacob 111111111111111111 dem heyliqerr 01111111
111 wir pruder Wulffiny Obrister Prior 111 wir pruder 0111111111.
01111111 1111111 111 11111 1111111131 1111111 11 1111111, 11111111
111111 11111 11111 111, die dison pries 111111 111111111111111,
11111111111111 11111111 11111111 1111, 111 111 11111111, 111
11111111 111 8111111111 mit 11111111 11111111111 111 guter 1111111
111111111111 durch got, 11111111111 1111111 durch 111111 1111111111
11111 willon, 1111 1111111111 111 1111 ire 111111 1111 111111 11 Τ1ο111,
111111111111111111 mit 111 31111111 11131111111111 11111111
111111, 111 11111111 Tage 1111111111111 11 1111111 8111111111 111
111111 111 umb geben 111111111111 111111111 march 8111111 1111111
1111111111, ie 1111 1111111111111 grosse 11111111111111111111 111
111 11111111 march, der wir gar 111 1111111111 311111 1111111111
111111111111111, 11 111 die 111111 11111111111 111111 1111111111
11111111111111 111 11111111 11111111 11111 1111 Tago 111111 011111
got ze 1111 11 dem egenanlen 8111111111111 111111111111111 111
1111 ain ander 11111111 11111111 111 1111111111 111111 1111111111
1111111 1111 111111 111111 11111111 111111 1111111111. 11111111
111 1111111 neit oder 11111111111111111 1111 111 111 11111111
11111111 11111 111111 11111111111111 111111 1111 Tage 1111111111
gesproehen 111, 111 11 1111111111111, Deru 1111111111111 die
selben wochen 1111 1111 11 111111 1111111111111 ’1111111111111
11111 111111 111 111 1111111111 prot 111 1111 1111111 111 11111111
111 11111111, Die 11111111111113111111111,1111 1111 111111
11111111 1111111131 11 111, 11 111 111, 111 man 1111111111
111111111111111111; 1111 mit aurgenornner rede, daz wir 111 111
1111111111 1111111111111 gegen lm verpunden 11111 1111111111
111111, Dar wir 111 111111111111131111111111 111 1111111111
11111111111 111111111111 11111111 11111111 dem 111111, 111 11111111
11111 1111111111 111111111111111111, 1111111110111111 1111 111
11111111 1111, 111 dita 11131111111113111111111111 mit 1111111 1111
[1111111111111 die vorgenanten origen 111111 111111111, 1ο 111
111 1111111111, 111 schol got 111 1111 1111111111 11 1111111111

 

