sum 011. 11. ι.

00101111 1100. Ι. 100. 0111111. - 1100.

Ι. 100. 00101.

nuth-1 01 011111Ιο11, 1100. Ι. 100.

01111

- 11, 01111010 1011. 11. 00. 1111111.

- 1001. 11. 101. 011.

- 11, 01111111 1111. 11. 100. 01111111.

- 1111. ΙΙ. 101. 011111.

111

0111ηο11101, 0111101 1100. 1113 1010111.
-1100, 1. 1111 0011111. -· 1107.
1. 111. 0011111.

- 01, 01100101, 1111111000. 1. 110.
0011111.

- 0101100111, 01011101111111111000.
11. 0111.
-01,0111111001.11.11.11.

- 01, 0111010, nomm 10 0111111100

-10,111111101,1100111101011. 1100. 1000. 11. 11. mli. - 1011. 11. 01.
mvn.

- 00, 0100010 1101. 11. 10. 11111.
-01, conradus 1101. Ι. 101. 0111. -

1111111. - 1001. 11. 100. 011.

- 11, {argutati 01111110 101011. m.

11111111.
10111011, clm 1100. 1. 111. 01111.

1101131111 1101111111 11. 01. 0111 1100.

ι. 101. cem.
011101 1111. ng. ι. ³2³. nn.
0111101171. ι. 111. ccxmn.

- 01101100. 1. Salthua-g 1110. 1. 10.
11111. - 1110. Ι. 111. 11. - 1171.

1100. 1. 100. 0111111.

- 01, 0110111111, 011111 1000. 11. 0111.
- 01, 0110011111 1177. Abg- 1. 110.
111. - 1170. 1. 011. 00111. - 1101.
1. 110. 001111. - 1100. 101. Ι. 010.
111. - 1100. 1.101. 0011111.

- 01, 101Μο1, 111111 1100. Ι. 100.

Ι. 1011. 001. - 11001. 70111. - ccum.

1100. 11. 11. 111. - 1000. 11011.

100. 11.
- 010001. 1117. 1. 110. 01111.
- clericus 1100. 1. 00. 1111111.

- niue· 1170. 1. 100. 001111-1170.

1. 111. 00111.
·- 00111101 1110. Ι. 111. 0111.

- 01, 100100111011101111 0111001110.

1. 110. 01111.

- filius 1101111 100 1101011171. 1. 100.

01011.

- 110111101011011110111111101111000.

ΙΙ. 17. 111.

- 111101110110101 1171. 1. 170. CXCV.

- 111111 Summi· 1100. Ι. 100.
0011111111.

Eberhard 11 011 amomum 111110-

11101 1011. 11. 70. mv.
0111111010011 1017. 11. 100. 01101111.

0001110101 in 0111 11111101 1011. ΙΙ. 70.

mv,

1011010001 monebas 1100. Ι. 00.
1111111. - 1100. 1. 100. 11111111.

0011101011 1100-1110. 1. 17. 111.

0011100111101 1010. ΙΙ. 111. 011. -
100011. 100. 0111111.

1101110011 1110. 1. 110. 01111. - 1010.
11101111.

- 01, 011001110111001100. 0001111.
- 001111010111010100011011. 11. 10.
1111.

- 01, 1111010101,111111 1000. 11. 0111.
- 01, 1100011 1110011111 10 0111111111
1010. 1110. 1111.

-01,1100011, 00111111 1111000111 zu
boten. 1010. 001. mxv.

101110110011 01, 0111111 1101. 1. 177.

0001.
fibro, 101 ιιι 111111 Ι. 100. 0011111.-

1100. 1. 171. 000111. - 1100. 1.·100.
00011111.

11110111 1110. Ι. 110. 011.

0000001113 1100. 1. 170. 0001111.

1131101011 1101. 1. 001111.

1111101101, Am 10 Remmiam, 11101 1110.
1771111. - 1101. 103. 1101. 1.
- 1100. 1. 00. 1111. - 17001. 01.
unu. -’ 12³⁷. ι. 1111111. -
11001001111111. - 1111. Ι. 101.
1011. - 1111. Ι. 110. 01.

- subprior v. 11111μο11101 1117. 1.
0011.

1301311000, 111111 111ςυί119100 1070.
11. 111. 0010.

1110101111 01, womarus 1000. 11. 11.
111111. ·

- 01 0111001, 111111 1101. 1. 110. 0101011011 de, 11110100 1000. 11. 11.

001111.

111111.

 

