11111111 1231. 1277. 3331.

1111111111 1221. 137. 11111. - 1222. Ι.
33. 1. - 1318. ΙΙ. 31. 111.

1111111111 11111111 1233.

111111111111 3111111111 1333. 11. 173.
31111.

111111111111 1233113. Ι. 31311.

1111111 311113 31, 11111111 1111111111
1312. ΙΙ. 331111.

11111 11131111 1233. 1. 233Ι 3331.

11111113111131333. ΙΙ. 233. 3311111.

11111111 1213. 1. 33. 11. - 1213. Ι.
3311111. - 1233. Ι. 73. 111. -
1271. l. 183. 331. - 1333. ΙΙ. 11. 111.
- 31111 31, 1111111111 11 otto 1111111
1188. 121. 111.

1111111111113131111337. 11. 273. 33111.

1131111131311 1317. ΙΙ. 17. 1111.

11111111 1111111111 1313. ΙΙ. 11. 111111.

- 31111111 1323. ΙΙ. 133. 3111.

11111111 1111111111 1333. ΙΙ. 172. 3111.

- 311111 1321. ΙΙ. 71. 1111.

- 113 3111111111, 11111 3111111111 1321.

11711111.

- 311111, Η11111111333.ΙΙ. 172. 3111.
1111111111, 111131373. 11338. 331111111.
1111111111111131, Ι. 3. 11. - 11331

1.7.1. - 1187. Ι. 23. 11. -1137,
117111. - 1213. Ι. 1211111. —
1233.1. 113. 31111. - 1333. ΙΙ. 213.
ccxi. — 1332. ΙΙ. 237. 33111. -
1373. ΙΙ. 321. 3311111111. - 1383.
ΙΙ. 338. 331311. Ι-- 1333. ΙΙ. 313.
331311.

1131113111 1233. 111. 1. 313, 1111.

1111111111 1233. 1. 231. 3311.

11111111. 3111111111 13371111. 112.
111.

1111111 Friedrich 1383. ΙΙ. 338. 331311.
- 311111 1333. 11338, 331311.

11111111 1331. 11333. 3331111.

111111113111 31, 11111111 1233. Ι. 113.

⁴ 31111.

1111111 11131111 1333. 11. 237. 3312111111.
11111131, 1111111 1133. Ι. 2. Ι.

117

11111113111,ς111111 1133. 1. 131.

- 3113111111111 1237. Ι. 133. 3111111.

1111111111 1233. Ι. 133. 311111. - 1383.
11333. 3313111.

- 1113111131111 1332. 113. 1.

11311311 11111111, 311111 1321. ΙΙ. 37.
11111.

11111131 11111 1321. 11. 38. 11111.

11111113111 1133. Ι. 2. 1.

1111111311131, 11111 1232. 1. 81. 1111.

Uul 31,1111111111233. 1. 137. 31111111.

1111111111 31. 111111111137. 1. 17. 111.

1111111111111111 1111. 11. ’11. mxxv.

111111111111233. Ι. 113. 31111 - 1271.
1. 178. 313111.

111111111111, 31111333. ΙΙ. 133. 31111.

111111131,111111111111,1111111227.13711.

111111131111111,11111 1233. Ι. 133. 3111.

1111110111 1273. Ι. 133. 33111.

- 3111131111 1111113117 311111 1233.
1. 273. 333111,

11111 3111111111 3111113111 1231. 1277.
3331.

- 1111111113111, 1111111111.111111111231.
Ι. 277. 3331.

-111111111113111, 3111 1231. Ι. 277.
3331.

11111111 31111 1233. Ι. 137. 311111.

11111111311111 1272. Ι. 181. 31311.

1111111111 3113131 1323. 11. 31. 131.

111111 1217. 1331111111.

111111111111 11111111 1233. Ι. 33. 111.
- 1223. Ι. 72. 11.

11111111111111113133311233331111111.

11111111 31, Ι1111111111, 1111111111, 11111
1232- 1232. 1. 123. 3111.

- 31111111 1233. 1. 81. 11111.

- 1233. 1111111. - 1233. 1. 117.
3111. - 1231. 1. 132. CLXXXI. -
11111111 1271. Ι. 187. 3311. - 1273.
Ι. 232. 33111.

- (3111111) 1273. Ι. 213. scm.

- 111111 1111111111. 1277. 113. Ι. 312. 1.
- 1233. Ι. 223. 331111.

- 11111111· 1331. 11311.

1111111111, 1131111111 1233. 1. 133. 1 -· 13321131.-1312.11.33.11.11.

cmm.

- 1322. 1132111111.

 

