412

1111111 1111111, 111 1111 wir in 1111111111111111111 11111111111 11
111111111111111,111 111111 111 haben 111 111 111111111111111111
111 1111111111 1111111 gut, 111 wir 11111111 1111111111 11 osterreich,

' wir sein 1111111111 1111111. 1111 11111111111111 11111111111111

111 111111111111·1111111,111 11111 111 selber 11111 erigens insignis
111111, 11111111 111111 wir 11 11111 brief zu 111111 11111 11111111
11111 111111 1111111111 1111111 Gruniherren insigil, des vorgenanten
Η1111111111111,1)1111 11 1111111111, 111 111 111111111 (11111111 11
1111111 111 1111Η1111111111111111111 0111111111, 111 wir des
1111111111111111111111 haben, 111 11 111 sache gezeug 11111111 111
11111111. Der brief 111 geben 11 1111111 nach Christs gepurt 11111-
11111 11111111 111, 1111111111 dem 1111111111111113111111 11111 1111
1111111 tage.

original 111 Pergameni 1111 11111 81111111

ΧΙΙ.

1111, 25. 11111111- 11111111 Greif verhauft 11111111 1111Δ zu 811111111-
1111, 1111111111 111111111111111 Ζ191111111 2111111, 111111 1111111911,
1111111111, 111 Meriana 1111 1111111111, 11111111 vim Wien.

11111111 111 Greiff 1111111111 mich vird 1111 111111111 11111
111 1111 111111 11111111, 111 111 11111111111 1111 11111111111, 111

11111111 1111111111 1111111111 1111, 111 ich 1111 11111 1111111 11111 3

111111 1111111 111 guasi, 1111 1111111111 1111 111 nach 1111111
11111111 111, 11 1111111, 11 ich 11 1111 11111 11111111, 1111111111 han
111 111111 111111 1111111 111111, 1111111 Hos gelegen 11 8111111111
111 mit [11111111111111111 hant, 111 111111 111111 1111111 8111111
111 0111111911 1118111111, 111111 1111111 1111111, 111111 111111

11111111111111111, 1111 11111111 11111, 111 11 111 11111111111 ‚

111111111111, 1111311 111111111 11 8111111111, 111111111111 achi
111111 1111111 11 1111111111 111 1111111 1111111 111 111111111 1111111·
11111111 11111111111111111111111111, 1111 1111111111 1111311 1111

111, han ich 11111111 1111111111 1111111111 111 gehen, mit 11111 111

 

