Reisenstein 110, 01011111 1315. 11. 13.
XLVII.
0011111010111323. 11. 86. LXXXIII.
3011101111, 1111111 0111011111 110 31111 1256.
I. 131. CXXXI.
11011111 1110011111 1382. 11. 352. 0001.
3011011111011 1210. I. 12. XXXII.
ReInprechI‚ 1101101 1101100110 1235. 1.
273. 000111.
3011010011 1111 dem 11111111111 1331. II.
113. CXLIII.
30100100111110111375.11. 303. 0011111.
0000111111 de, 11111011 1285. I. 211.
001111.
11011111 11000111 1303. 11. 23. XXVIII.
1101011111 1271. Ι. 183. 00111.
1111111101, 10111111 11110111, Herzog 1011
8001010 1227. I. 33. 111.
- 31101101 1. 31010110111111233. 1. 81.
LXXI.
Reunweg 1337. II. 22. XXV.
Ι1011111111110011 1357. 11231. 00111.
1101011111 magister 1111111101, ’1111011011
1272. 1. 183. CXCVIII.
111111 Heinrich 1321. 11. 73. 1111.
11011101 3101111111 1377. 11. 317. 0011111111.
1101101111 1250. I. 119. 01111.
1101111111 1110011111 1360. 11. 25100111110.
1100101 Ioannes, 1101101111, 0011111011 1011
1111111 1383. II. 377. 000111.
1101111111 81001111 1331. II. 388. CCCXXIX.
- 1331. II. 389. CCCXXX.
1110110111 111101 11011111 110 3101111 1238. I.
163. CLXXXI.
111011 110, 0011111111, 01101 1176. 1. 3. 11. -
01101 1177. 1. 10111.
11101111 110, 1101101111, 1100001101 110101111-
111 1350. II. 208. 00111.
3103011111 110, 101111, 1111101 1381. II.
356. 000111.
11101111101101 1111011111, 31111101 1313. 11.
27. XXXI.
- 1101111011 1310. 11. 27. XXXI
11111111, 010111111οἰ 12711. 130. 00111.
1111301101111101 10000111 1323. II. 125.
CXXII.
- 00110013111101132311. 125. CXXII.

, 111001111111101. 1. 11. 111111.

111130110011 12301232. 00101.
1111130111101111111272. I. 181. CXCVI.
muchart 1110011110 1323. ΙΙ. 91. XCI.

131

1101101101, presb 01111. 111. S. 0111111110,
Professus cisterciensis 130211. 13. XI.
- [111111100101111 1233. 1. 81. LXXI.
- 1233. 111. I. 236. III.

- 11111001. 01 01100113111111111101111011
1208. I. 33111.

- 311011. 1. 1101111111 1217. I. 52. XXXVII.
- 1217. I. 31. XXXVIII.

-1111111001 111ςί1101 1216. ·Ι. 50.
XXXVI.

Rockinger 01111 in &ch 1233. I. 133.
LXXXVIII.

300100101101 1388. 11371. 000111.

1101101 1110011111 1382. ΙΙ. 352. 0001.

300010111011 1178. Ι. 11. VIII.

0010111011 110, 1100110111 1233. Ι. 32.
XXIV.

3010111011111, 0111011101, 111101 1287. I.
2530011111.

- 110, 01101287. 12510011111.
00010111011110, 0110 1285. I. 211. 001111.
11011011,111110111 Kornouburg 1381111. 338.

CCCXIV. .

1101111111, 0111111110. 8. 111110 10 30111011
1185. Ι. 131. - 1181122111.

110111 1207. 1. 36. XXVIII. - 1211. Ι. 13.
XXXV. - 1238. 1. 237. 000111. -
1101. 11111. 00011.

1101111 1350. 11. 212. 001. - 1388. 11.
288. 00111, - 1382. II. 353. 000111.
- 1393. 11. 383. CCCXXIII. - 1338.
11. 331. 00011111. - 1337. 11. 333.-
00011111.

1101111111 Fi, 811011. 010011111238. 1. 287.
000111.

11011013 de, 1111011111, 011011270. 1. 176.
010.

- de, 011011011277. I. 203. 00111111.

- 110, 1111111101, 0110112701173010.

- de, 111131101111, uxor, 0110112701.
176. CXC.

00101, 100111 1188. I. 21. XVI.

1100111101101110111 1217. I. 52. XXXVII.
- 12171. 51. XXXVIII.

1101 de, 0111111111, filius 1286. 1. 252.
1011111111.

- de, 01111111 1231. I. 271. 000113-
1302113111, - 1311. 11. 28. XXXII.
- 1311. 1130111111.

- 110, 1101111011 1310. 11. 20. XXX. -
1321. 11. 105. CII.

 

