R.

11. . . 01, pree-rator 11111 regin 11 1111· 1111111111101, 01111111, 11111111111101111

1111111111 1180. 1. 110. 001111.
11111) 1108. Ι. 101. CXXXII.
1111111111 01. 1111111011, 1111111178. I.
1. 11.
110111111111 011110 1000. 11. 188.
CCXXXVIH.
1111111 111111, 111101 1018. 11. 011.
CCLXXVIII.
11111111 1111 1107. 113. I. 008. 11.
1110111101, 0111111 1101. 180. LXVIII.
- 01, 1111111110, 011 0111111000. 11. 1. ΙΙ.
- 0111111, 1111. Ι. 170. 0001111.
11011111, 01111111111111111111111 1011.
11. 100. CLXXXVIII.
111011 enutri 1011111111 1110. I. 170.
CLXXXVI.
11011μςη811,111111171. 1. 10. 111. -
1181111111.
nunant-noge! 1101. 1. 170. 0001111,
- 11110 1101. 11. 7. VIII.
1110111111 8011131110 111111 1111111 1180.
1. 10. 1. Δ
- 0110. Dite. S. Georgii 10 111111 1111111
1187. I. 10. XV.
11110111 1110111111, 11111 1100. I. 100.
, 0111. - 1011. 11. 01. 11111.
’ namna! 1111111, 11111113111111.
II. 010. 0011111.
- 0111111111, 1111111111 1010. 11. 010.
CCLXXIX.

ι 1111111111111111, 111011 1010. 11. 011.

0011111.
meningen 01, 011110111187. Ι. 17. 111.
Hnggonthnl 1101. 111. LXXXVII.
11110 Heinrich 1000. 11. 1010111111.

- 01111, 111011100011. 101. CXXXVI.
1111011 1111111 1000. 11. 107. CCXXXVIII.
1111111-11111, 011111111111111 1018. 11.

011. 0011111.
1111111111 1001. Ι. 108. 01111.
0111111111011111111 1111. 1. 111. CCVIII.
1111111111111, 11111 1111111111 1011. 11.
001. 0011111.

1111111111 1011. 11. 80. LXVIII.
HuneInth 1011. 11. 71. LXXV.
1111111101 01111011, 1111111111101111

1101, I. 11. XXXI.

1101. I. 11. XXXI.

HninpmdorIer 11111111, Wiener Bhrger
1088. 11. 181. 00111.

1111111111 Heinrich 100111. 10. XXVIII.
- 1111111111011111011. 11. 70. LXXV.
Hannherg 01, 0110 1188. I. 11. 111.
11111101111010. ΙΙ. 10. 1111. - 1018.
11111011. - 1001. ΙΙ. 100. CLX. -
1001. 11. 180. 001111.

111111111111 1111111111 1171. 1. 111.
001111.

1111111101, nennium, 11131111111111 1001.
11107. 001111.

1111111 01, 111111111111110111111111111
1010. 11. 01. LXIV.

anoto 1100. 1.0.11.

- 11., 111111111111111111131111111 1180.
1. 111. CCLXV. — 1180. I. 1110011111.

-11 11111 1111011 militen, 111111111.
11111111.

- 81111111111111 11711. 110. 00111.

- 01 8111111111, 11111111111111 1170. Ι.
110. 001.

- 018111111111 1170. Ι. 110. CCXI. -
11701. 110 CCXII.

Rnppneh 01, Heinrich 100111. 111. CXLI.

·- 01, 11111111, thn 1001. 11. 111.

0111.

-· 01, 111111, 81111 1001. ΙΙ. 111. CXLI.

- 01, Anna, 11111111001. ΙΙ. 111. CXLI.

- 01, Agunt, 1111111111 1001. 11. 111.

CXLI.
1111111111 01, 1110111111 1101. 1. 110.
CXXII.

- 01, 1111111111 1101. 1. 110. CXXII. ,

- 01, 010111111011. 110 CXXII.
1111101, 0011 1117. 1. 01. 11.

- 01, 1111111111117. Ι. 8011.
1111110111 01, otto 1181. I. 101. 00111.
111111111Ιο 01, Otto, 1101. Ι. 110. CXXVI.

- 11111 1100. Ι. 100. 01111. ,
1111111111118.. 11111 Imp. 111111111111.
Hogenzhnng. 1101. 1. 11 LXXXV.
Hntpnnh 01, Heinrich 1000. 11. 108.
CXXXIII.
111111111111 1000. ΙΙ. 110. CCXV.
1111111 0111, 11111 11881. 170. CLXXXII.

 

