1111811111111 11, 1111181118, vida· 1188.
Ahg. 1. 818. 11111.

- 11, cunigundis, 8111 1188. 183. Ι.
818. 8111.

- 11, 811111111,1111 1181. 111. 1.
818. xlv.

¹ - 8181111 1888. ΙΙ. 188. cxxxV. -

1811. 11. 191. 8111111111.
- 81111 1181. ΙΙ. 888. cccxxix.
1111111111 1111111111· 1811111 11 11111
1111111 1181. 1181. 8818.
1111111 Roget 1187. 11. 111. com.
1111111111 111811. 11881111.
- 11111111 1881. 11. 888. 88811.
11111113 11, Walter 1817. 11. 17.

1111.
11111181118111 1818. 11. 188. CXCV.

11181, 811111 1881. 11. 188. 88111111.

111111, 111111, 8111111111 8181111111· 1888.
11. 898. 88811111.

- 111 111, nicona-1, 11111111 81111311
81111 811111 vor 1111 uramur 1888.

11. 898. cccmu.

³ 1111111. 1. 111. 1111111. - 11111111.

811. 1.

¹ Linberg 11, 81111111, 1111111111 188811.

188. cvl.
- 11, 1111111181. 188. cvl.

¹ 1111111, 11111 1881. ΙΙ. 888. cem. -

1871. ΙΙ. 198. comi. - 1871. 11888.

ccmn.

111111111111111 1188. 1. 8. 111.

- 11 111111, 8111 11118. 1. 8. 111.
-11111111 11 881118 1118. 1. 117.
88, - 188711888111111.

11111 11118 1188. ΙΙ. 181. 881111.

1118811111 1111111111111 11 1111111188.
1. 11. 111.

1111111111,11118.1.81111-81111111 1171.
1. 188. 8181111.

11111111, 111111111117111111111 1117.
1881111.

1111111111 1181. 1. 118. 81171.

11811 1111111111188. 1. 181. cxxxi.

1111111811 1181. 11. 181. 811111.

1111111111 11881. 118. 811.

171

1118111 11111111, 11111 1178. 1. 178.
cmm.

- 81111111 1188. 1. 181. cml. -
111811. 187. 8111. - 1888. 11. 188.

cm.
18811· 811111 1818. 11. 181. 811811.
1111111181111111, 1111111111ιὶ 1188. Ι. 81.

ml.
1118111111, 1111111, 111ςί1111 1111111

1888. 11. 187. ccmv.

1111181111 11, naugerus 1189. Ι. 111.
mvn.

- 11, 111111891. 118. omn.

- 11, nauigans· 1181. Ι. 188. cm. -
1181.1. 181. cml.

- 11, 811111111188.1.188. cccmn.
-11,.1111111 1881. 11. 18. 11111. -
ΙΙ. 18111.

1111111111.111111111 1111111111 1118.
11. 188817.

- 11, 81118111 1881. 11. 181. 811111.

1111111811111,81118111 1888. 11. 188.
CLV.

1111111111, 1111111111 1188. 11811111.

1111811111 1111111111118. Ι. 1. 1. - 1118.
1. 8. ΙΙ.

11111 1188. 1181811.

11111, 111. 11111111 8111. S. sonnis 11
81111 1118. 1. 8. 111.

1111111 111., 81111118811811. - 1188.
1. 18111.

1111111111, 1181111. 1113. 1818. ΙΙ. 188.
cmxli. - 1188. 11. 188. 88111. -
1888111118. 88111. - 1181. 11. 881.
cem. - 1181. 11. 888. 88111111. -
1871 11. 188. 8811111. - 1171. 11.
1988811111. - 1878. 11. 818. 88181.
- 1111111111 am 118111 1188. 1. 118.
8811118.

111111 11 81. 8111111111 1881. 11. 181).
CXLVI.

Lugdunum 18181. 188. cm.

1111118111, 1111111111 18181188111111.

11111111111111111119. Ι. 188. 1111111111.

111111 111111 1118111111 1878. Ι. 178.
CLXXXVI.

 

