1111811181, 1111111 1808. 11878. 00111.
- 1808. 1128000111.

1111111111 1111. 11. 111111.

1111118111 81, 1181111 1818. 11. 11.
111111.

’1111118111 81, 8111111111 1100-1810. '

18011111.

1111111111181,1111111811 1880. 1. 181.
0111111.

1111111111 18781. 811. 00111111.

1111111111, 1111111111 181111. 188. 010.

’11118111 Simon 1888. 11. 878. 00111.

’1111111811 1111111111 1880. 11. 888.
001011.

11111111 0111111881. 11. 111. CXLI.

’1111111 0111 188111888. 0011111.

111111111111880. 1 118. 01111.

1111111111111 81, 8111111811 1881.
1111800111.

111111111118111 1888113. 1. 888. 111.

1111111118111111111111 1888. 1. 118.
011111.

1111111111111817. 1. 81. 111111.

111111, 1111111111 811811 1881. 1. 878.
00011.

1111111811, 8111111111111111 1178. 1.
11. 1111.

- 81111. 01111111 1280. 1. 881. 001011.
- 111. 1111111111 11111111111111 1188.
1. 11. 1. - 1187. 1. 88. 11.

’1111811111 ep. 1111111111 11 8111111111
11811. 111.

Theodora 810111111111 11111111 1180.
1811.

- uxor 11111111, 1111111 von 0111111111,
11111 1170. 1. 8. 11. - 1177. 1. 8.
111. - 1188. 181111.

1111111111, 8111111111 Agna 1878. 1.
188. 0101111.

1111111, 81111. 1111811111 1217. Ι. 81.
1111111. - 1817. 1881111111.

- 1811111111. von 01111 1811. 11. 11.
1111.

- 81111. 111 1111111,1118111111111111
1111111288. 1. 818. 0011111.

-111111111111 11 11111 11 111111111-
muz 1881. 11. 0811111.

- 811811 111 11111131111111 1881. 11.
781111.

-11, 111111131111111 1881. 11. 888.

00111.

808

111111,111111111111 11 81111111111111

1111. 11. 111. ectu.
-11111111111111111111111111. .

- 111111 11 Prior im August ssffloster 111
81811 1818. 11. 188. cmx.

— 1111111181 111 811111181311 118 0111
1888. 11. 8811111.

- 11111181 11111111. 11 111111 81111·
111 1888. 11. 88. 1011- 188111.
88. 1011. - 1887. 11. 110. 0111. ’
- 11111111ιὶ1 comen 1. 8011111.
-11181111 8111 11111118111 187811.
818. 0011111.

’1111111111 1811. 11. 88111111.

111118, possessio 188811. 110. 0111111.

111111 (111111) 1881. 11. 888. 0001111.

1111111111 111111 8111118111 18081. 88.

11111.
’11111 1111111118, 1111111111 11. 88. 11111.

- 8111111818. ΙΙ. 88. 11111.

11111 81,11111118111,1111111880. 1. 188.
0111111.

- Jacob 1878. 11. 888. 00111111.
1111181, 1111118111 1817. 1. 118. 01111.
111111181,Α11111811 1880. 1. 181. 011.
’1111110111 18781. 818. 001111.
’10111111111811111 1800. 11. 1. 11.
11111181, 111181111, 8111811 1888. ΙΙ.

10801.

’11111118111111110111 1811. 11. 81. 11111.

’111111 81,8111111,8111111888. 11. 108.
01.

- 81, stephan 1881. 11880. 0011..
- 81, 1111111 188811. 108. 01.

- 1111111118, 1118111111111 0111111111
1888 11. 88. 1111. - 1880. 11. 188.
cmx.

- 81, 111111118, 1111111111111011111.
1880. 11. 180. CXXXIV.

- 81, 1111111111, 1111111111 1888. 11.
108. 01.

- 81, 1111311111, 1111111111 1828. ΙΙ.
108. 01.

’11111 81, 1111111118 1808. 11. 111. -
1811. 11180. 1111111. - 1828. 11.
108. 01. - 1801. 11. 201. 0011.

- 81, 81111111, 11181111111 1811. 11.
8111111.

11181111, possessio 1888. ΙΙ. 818. CCXXX.

’11111111111111 1881. 11. 78. mv.

11111118111111811 1888. 1. 187. 01111.

 

