181111118 111 111 1181811111 8188111 1881.
1188111111. - 1888. 11. 188. CXXXIII.

- 111811 1111181111 8188111, 8111111111
11181111311111111 1881. 11. 111. CXLI.

8111111111111 1111111111 1888. 11. 887.
0010111.

1811811, 11111 1818. II. 888. 00111.
-81,11111111 18811. 111. 00111.
- 81, 81111111, 81111 1281. I. 811.
00111.

- 81, 1111111, 11111 1881. I. 811.
00111.

- 81, 11111111, 111111 1881. 1. 811.
CCLXX.

- 81, 8111111111, 1111· 1881. Ι. 211.
- 8111111118111181. I. 811. 00111.

1811811188 81, 11111111 1118. Ι. 111.
CXLIX.

- 81, 11111111, 1111111 1878. 1.’ 818.
001111. - 1881. I. 888. 001111.

- 81, 0111111 1881. I. 811. 00111.
- 81, 8111111118, oham 1888. II. III.
CVIII.

881181111181181 1888. II. 81. LXXXVIII.
- 81, 81111111 1811. ΙΙ. 187. 0111.

- 81,11111 1888. ΙΙ. 88111111. -
1888. 1181. XCI.

- 81, 11111111 1818. 11. 88. LXXXIX.
- 81, 1111111, 8118111818. 11. 81. 101.
·- 111, 1811111118 181111. 187. 0111.
-81,18111111, 81111111 188811. 81.
101.

-81,11111111111,111111111 1888. ΙΙ. 81.
101.

1811811181111 1881. II. 187. CLXIII.
-811181111 1888. 11. 888. 00181.

1811111113 de, Hugo 1888. 111. I. 888. 18.

18113111 1111111111, seha 181811. 88. XLII.
- 0111188111 1818. 11. 88. XLII.

- 81111111111 111 manburg 1818. 11.
88. XLII.

1818118111, 11111 1811-1288. Ι. 181.
0111.

18181118111 81, 111111 1888 Ι. 187.
CLXXIX.

- 81, 01111811 1888. I. 187. CLXXIX.
— 1877. I. 811. CCXXX.

- 81,81181111111 18881. 117. CLXXIX.
- 1888. 1. 187. 011111. - 1871. I.
188. CCXIV. - 1877. I. 811. CCXXX.
111111. 111111. 11. 88. XVI.

118

- 1878. I. 888. CCXX. - 1878. I. 181.
0011. - 18881818. CCLXXVIII.
81111111811181, 8118111111 1188. I. 811.
CCLXXVIII.
- 11181811 1818. II. 188. CLXXXIII.
8118111811111 1111111 1811. 8. 188.
CLXXXVII.
18111111 111 8111111 1871. II. 888. CCLXXI.
- 11111 penu 8111111111 1818. II. 88.
LXIV.
Weluboiam 0111111111, 1111111111 1881. 11.
878. 0001811.
- 0111111111, 81111111 1877. II. 817.
00111118.
- Friedrich 1877. 11. 817. CCLXXXIII.
— 8111111881. II. 878. CCCXVII.
WeIneI 1111111 1888. 11. 81. XXVII.
8111181111, mag-run 11 0111118111-
chen 1818. ΙΙ. 881. 0018.
18111111111118 1888. 11. 888. CCLVI.
1811111111 Paul 1888. 11. 881. CCCXXXVII.
1811111118 11111118, 811811 18811171.
LXXV.
- 8181111881. II. 71. LXXV.
1811111111 1181111 1871. II. 188001111811.
8111111111, 811, 111 81181111111818111888.
11 858. 00111818.
18111181111111111 18711. 188. CCVI.
18111 81111111 1871. II. 811. CCLXXVIII.
181111111111111111111, 18111, 8118111881
1888. 11. 888. 0001118.
1811111011118 1188111111 1818. 11. 181.
CLXXVIII.
8111111111, 11111 1188. 1881111.
1811111111111 1111111 1881. 11. 888. 00011.
18111111 zu 8111811111 1811. II. 11.
XLIX.
1811111181, 111111 1881. I. 888. CCLVIII.
- 81, 1111111111, 1111111111 1177, I. 888.
0011811.
1811111181, 81181111111888. I. 118. CLIII.
18111181111881.11. 818. 0011111.

1811118 1111111111 1878. 11888. 00101.

18111111811181, 81111111 1811. 11. 11.
XLVII.

- 81, 811111, 81111111 1811. 11. 18.
XLVII.

1818118111 1881. th. I. 818. VIII.

18111111118111 1888. 1. 888. 001118.

1811118111, III 111 8181111 1888. 11.
881. 00011811.

88

 

