418

neuburg, 11188181- 1847. ΙΙ. 282. 8181111.
- 1888. 11. 888. 88811111.
- 11881811811881847. 14. 288. 818111.
fleuborg, 81111 1888. 11. 287. ceu
1188118488, 8111811 1287. 1188. 8111.
uenum. 81188 1178. 18. 11.
- 18, 41818181881 1282. Ι. 81. um
- 88, 1181181188 1282. l. 81. 1111.
-118, 8818181118 1288. 1. 18181111.
1188811188 1817. 1148. 11.
- 88118 181811. 88111.
- (1118811181) 1888. 11. 172. 81111
- 888 novun prndium 1882. 11. 288.
881111. - 1874. 11. 288. 881111.
11881888111811181187111818881111111.
11881818 1111818 188 1188884811 1821.
11711111.

188811181881 7181, 88881881 1818. 1144.
1111.

1188811181 1288. 1. 88. 1111. - 12881.
48. 1111. - 811881278. 1. 177. cxci.

- 81188818 1888. ΙΙ. 288. 88141.
1188118881 am 888 1888. 11221. 881111.
1188811181 11111888 1287. 1. 284. 881111.
88881881 1248. 1. 188. 1814. -

1288. 1. 288. 8881111. - 1288.
111. 1. 822. 1111. - 1287. 1. 287.
88811. - 1818. ΙΙ. 44. 1111. -
1817. ΙΙ. 48. 1111. - 1821. 11. 88.
LXXV. - 1828. 11. 88. LXXXV. -
1824. 11. 184. 81. - 1848. 11. 288.
88. - 1878. 11. 822. 8811111111,

- 888188188 818111 18 8818 81111818

1288. 1. 282. 888111.

- 88181881311811821. 11. 78. LXXV.

- 8111111 zu 1821. ΙΙ. 78. LXXV.
⁵ -1181818811188488188118118 1821. 11.

78. 1111.

- spitui 88 81. Elisabeth 1821. 11. 78.
LXXV.

- Wiener Burgthor 88 1887. 11. 178.
811111.

- 1181181888818111888811118118881821.
11781111.

- (Wiener) 188111. 178. 8111111.

118881818118181, 8818181188 181 ’1811818
1878. 11. 828. 88111111.

18811181 11111 8111181881 8181118118 1278.
1217. 881111.

111ιί111828. 11. 114. 81111. - 184811.
181. 8111111.

8818181888 11., 81181181, 1818811181 18
8811881848. Ι. 188. cmx.

111818 8111181 1. 1118 1884. ng. 11. 484. 111.
- 881 jngere 8111881 1884 ng. 11.
414111.

- 1. 881811, uirga-emer 1812. 111.
11. 488. 11. - 1818. Aug. 11. 487. 11.
1118188 8η 8888118 881 88118818418188 18

11881181.88ς.11.418 1111

- (181 1181881188181 u 41811 1888.
11 8178. 88811.

18814881811181881 1887. 111. 11. 488. 1111.

11188181 (1118111) St 1888881811118 1188888
1272-1271 1111141111. - 1272-
1278111. 11. 481. Ι. - 1888. Ahg. 11.
488. 11. - 1884 Α1ς. 11. 484. 111. -
1887.11ς.11. 488. vm. - 1887111.
11. 488. 1111. - 1887. 111. 11. 418. 11.
- 1881111. 114181. - 4884113.
11. 411. 11. - 1878.11ς.11.414.111.
- 1878113. 1141811. - 1871.
113. 11. 418 111. - 1872111. ΙΙ. 417.
1111-1888. 111. 11. 418. 111. -
1882. 113. 11. 428. 11. - 1878. 3113.st
4181111. - 1878113. 11. 418. mn.
- 1888. 111. 11. 422. m. -· 1288.
111. 11428111.

- st. 888881. 1181888 81418 81188811.
818181. 1848. 113. 11. 488. 1.

- 8. proposita 18 188888 1188. Ι.
8. 11.

- 8. 88118118 18 8. 81888. 1288 Ι. 287,
888111.

nicolaus 11., 1818112811. 1284. 881811.
- 81188. 8118888 1888. 11. 211. 881.

- 111881. v. 11881. 1828. 1188. um
- 182811. 88. 1811. - 18241188.
1811, - 1828. 11. 187. 811. - 1827.
11. 118. 81111. - 1881 11282. cem.

- 888181 18 11881 1818. 11. 88. 111. -
1824.11. 87. 18111. - 1824. 11. w.
18111. - 182411. 181. 181111. --1221
11. 182. XCIX. - 1824. 11. 182. 181111.
- 182411. 188. 8.

- 888881881 888181 18 11881 1878. 11.
827. 88181.

- 1181811188188181118188881811 1212.
Ι. 182. 8181111.

- mach. v. Tusculum 1218. 1. 48. 1111111.
- 1., Am von neffigenkrm 188811.
888. 88811111. - 1884. 11. 118.

 

