1119

3 1133 33 333131 01333313 1333 133 8133313133, 331 133 33 31133 33333
r 333331 git, 133 313 113133 333 133333, 33 331 13333 1333, 3133 333333

, 1333, 3313 33 133 genant ist, 3133 133 113 vnrgennnten gestleiehen

rrnwen gemain 1313 3331Ν131133 33 wemno mit 133 vnrgenanten

erigut 3133, 133 33313 weingarten 331 311 dem ’1333 331 3331 311
311333 333333 33333133 gut, 133 wir 113133333 133333, 313 vorge-
sehriben stet, 3313 113133 3331333331311331313131131131313313331-
13131 31133 1331333333 33131133, 313 13 133 31133 peste wei 3113 331

sige, 33 31133 1333331. 11333331 33 13133 wir geschast Janeen 331333
3333333133 0133133313 331133, 333333 weingarten, gelegen in der
1113119313, 133 313 31331311 131, 33 333131 11331313 weingarten, 333333
swegers, 3133 133 13333113 3313 3331331333 311133 3311333133-
1311 weingarten 13133 1173119313 331 1113133 333133333 1311331313,
333333 133 131, 133 33 311 331333 1333 31331, 333113113113131331
333113131 31133 331333 133333 33131133, 313 133 133 31133 peste wel
3113 331 frige 33 311331333331. Waer 3133, 133 33 313313 331 33
33133 333113, 331 133 33133 33113 31331311 weingarten 3333331333313
113133 13 113333, 33 331 1333 133 33113 31331311 weingarten 3331
13113113131 33331133 331 133 0333331 gemain der gaestieiehen
rrnwen 1313 3331 [113113313313313113113131 331 333113131 33 13133
331 31133 133 133333 13311 33 3313133, 313 13 133 31133 peste wei
3113331 irig an 31133 1333331, 3133 133113 selben 333333 1313 333
11131133 333333 3313 331 31133 33333 3331333 3313331313333 3313 33
1111 331 33133313113 133 3313113131 31333 iartag 13 333 hegen 331313
133 31133133 311 vigilii, 31133133333 331 3113131333 genet, 313133
331333 gewonhait 131. vnn 133 11133 genehefte nach 33333 131133
1313 31313313333313331331313113, 313333 33 11333 13131 gesehri-
1333131, 133331 3ο geben wir disen 13131 33 31333 warn 33313313
11333 33313, versigiit mit 133311313331313 insigil 1331133133, 33 133
331133 Pnrgerrnaister 33 11713333 331 311 1333 1131331313 insign des
1113313313 331 311 1333013333131331311 des Η3333131113133, 113
313 133 33333331311331131 gepeten haben, 133 31 11333 33313 geaeug
3131 311133 13313113. Der 13131 131 gehenne 1133333331111313133
331331 [1333133133 1331331133, 133 3331 1313383133331113113-
gisten iar, 133 31313133 Phintztages 3333331 Agnesen tage.

Origine! 331 Pergameni 3311 1331 Siegein.

 

