504

8811181381888 181118 1877. 8. 818.
00111111.

8118881813 88, 8111111111 1288. 111. 1.
818111. - 12881. 211. 00111. -
12881. 212. 001111.

8118111813 88, 8818118811, 111181 1287. Ι.
281. 001111.

- 88, 1881811181 1287. I. 281.
ccum

8181111888, 81181 1288. I. 122. 0118.

8111888811 1821. 8. 781111. - 1218.
Ι. 12. mn.

Supm 1288. I. 88111.

8111818101111181,811381 11 wien 1888.

11 281. 001111.
81111181 1218. 1. 117. CL - 12871. 188.

011118. - 1882. 11. 18101.. - 1881.
11. 18110111.
8118 088118 1821. 8. 71. mv.
81118811 1288. I. 881111. - 1288. I. 18.
1111.
- 88, 8181111811 1211. I. 188. CII.

11818811811 88, christianam. n. 281.
0011111. - 1887. II. 288. 0011. -
1888. Il. 288. 001111. - 1888. 11. 288.
001111. - 1878. 11. 818. 00111181.
- 1878. 8. 818. 0011111. -1881
11887. 000111. - 1881. 8. 881. 0001.
- 1888. 11887. 0001111111.

- 88, 01811881, 81181 1288. 1. 188.
0111. - 1281. I. 277. 0001.

- 88, 88188818181 1818. 8. 181111.
- 1817. II. 18. 118. - 1817. 8. 88.
1118. - 1828. II. 1811. 0111. - 1828.
11. 188. 011.

- 88, 8811188181181 1288. Ι. 188. 0111.
- 88,1181811111888. 11. 281. 0011111.
- 1887. 11. 288. 0011.

- 88, 811181, 81181111 1818. II. 18.
1111.

118181118188188, 8818881181 1812. 11. 88.
11111.

1811811181888, 08811811 1288. Ι. 282.

00111181.
1181111818 88, 88811888 1288. I. 282.
00111118.

81118811 88, 1111111881 1288. I. 118. 01111.
- 88, 81111811 12781. 18800181.

' - 88, 1181118111, mile· 1278. Ι. 288.

00111.

81181 nomn 11111111. cen. '

8111111 1111111 1881. 8. 887. coemi. -
1881. 11. 888. 000111.

8111111111, 8111881881 88 1888111111
1218. I. 117. 01

81881181 11881. 2. I.

8118111111 88, 8811111881, 81181 1218. I.
1811118.

81181181, 81181 1177. Ι. 18. 111.

81181) 8181118, 8811 1888. 8. 878.
000118.

- 8811881888. 8. 878. 000118.

811181 Im 1111181 18111 881111181811181
1821. 11. 72. 1111.

8181818181111811 1888. 11. 887. 001081. ·

8118111818 1818888, 88111181 11811811 1888.
8. 877. 000111.

8118181181181 1887. 11. 288. cem

8118181118 18881128700111118.

1111818 81181 1178. I. 8. 11. - 1178. I.
11. 118. - 1187. I. 2811. - 1218.
Ι.12.1118.-1218.1.88.11111.-
12821. 81. 1111. - 1282. I. 182.
0111. - 1282. I. 181. 01181. - 1277. I.
288.00111.-1278.1.212.001111.-
1288. 1. 228. 0011. - 1827. II. 118
cml. - 1878. 11. 828. 00111111.

11881831111111188. I. 1. ΙΙΙ. - 1188.
1181

1118888111888. 8. 887. 001011.

111181011181 1871. 8. 287. 00111.

’1111111 viu· 1282. I. Ahg. 281. ΙΙ. «-
1288. I. 288. 0011.

1181881118ηά 088118 12811. 277. 0001.
- 81181881 1281. 1. 277. 0001.

- 88111181 1281. 1. 277. 0001.

- 88, 8811811 12811. 277. 0001.

- 811818 1281. 1277. 0001.

1881811181181 1188818811 1821. 11. 71.
1111.

188188881181181118, 811381 zu 11181
1882. ΙΙ. 287. 00111.

 

