170

211111111111200. 1. 110. 02.

2111111 1111111111, Richter 11 0111ῦο11206.
113. Ι. 222. 220. - 1201. 1. 280.
00022.

-2111110, 0111 1220. 1113. 1. 220.

2211.

- 1110111 1206. 111. 1. 222. 2211.

- 111111, 0111111 12201. 281. 0002211.

-1110111111220 1. 202. 000221.

- 1111111101, 011111 1200. 111. 1222.

2211.
-0111111111011, 111111 1200. 1. 202.
000221.

- 0110111111 120011. 221. 002111 .
2111111101. 0111. 11111 1212. 1. 1222212.
21111011110111272. 1. 171. 02222211.

- 1111111111, 11111111 1200. 1. 202.

000221. -1220.1. 282. 0002211.

- Heinrich 1220. 1. 281. 0002211.

- 211111221111111200. 1. 201. 0002211.

- 01101111 1220. 11. 110. 022.
211110111111111221. 11. 112. 022212.
2111111111 2111111 1221. 11. 77. mv.
21111111 1111111111 1200. Ι. 212. 0022211.

-11110111111 1200. 1. 212. 0022211.
2111111 21111111 1201. 11. 7. 211.

- 1110111 1201. 11. 7. 211.

- 01111111 1201. 11. 7. 211.
21111101111262. 1. 107. 022211.
21110111, 0111 01, 11111 1170.

· -011110110111721021,
21111111 01111110 1221. 11. 100. 20211.
2111111111 111 0111 werd 111 01011 1200.

12210. 00222111.

21111111 11 1111 12111 11011111 1207. ΙΙ.
222. 0022.

- 01111111 1200. 11. 200. 00222201.

2111110, 0111011 0111111 111 0112100111
1211. IL 20. 222111.

-11, 0111 01111111 1212. 11. 00.

22111.
- 011111111111111, 1111111 1220. 11. 100.
0222.

- 211111101111111110 1220. 11. 172.

chx.

- 10111121οε1111111111111101111200.

ΙΙ. 17. 221.
- 011111111111111101111 zu 1111111211.
ΙΙ. 21. 22212.

211111011, 1211111 1221. 11. 72. 2222.

- 11211111101111221.11. 71. Lm.

Libertini 0111111, 11111 1220. Ι. 76. 2212.

2111111111, 01111 1211111111 1271. 1. 100.
002.

2111111111011111 1271. ΙΙ. 227. 002212

2111111111 01, 2101111111 1201. Ι. 227.
00212.

211111111111, 01111111 1201. 1. 207.
00212.

21111111011111101, 1110111111 1270. 1.
170. 02222201.

- 1111110101111270. 1170022222111.
211111111111200. 1. 118. 0212.
21111111111111, 0111111011 01 1200. 1. 210.

0022111.
111111111οω, 111. 2110111 1122. Ι. 0. 111.
21011111111 122011. 102. 001.
211111011211111261. 11. 202. 0022212.
-11111111111111 0111 1222. 111. 11.
121. 22.

’2111111111 21111011 1272. 1. 182. 02012.

- 01111111 12721. 102. 02012.
211111111810. 1111. 222111.
2111111111 11, 1211111111, 0111111111
120211. 207. 002212.

2011111111 01, 211111οη1, 11111 1202-
1202. 1. 120. 0221.

2111111111111 01, 11111111 11 0. 2111111111

“ 12001. 1110211111

- 01, 011111111207. 1. 20. 2212. -

1222. 111. 1207. 12.

- 01, 2110111111, 111111 1200. 1113. Ι.
210. 2111.

- 11, 11111111111208. 1. 1000211221.
- 1277. Ι. 210. 00222111.

- 01, 1111111111, 11111 1200. 1. 122.
02211. - 1200. 1. 121. 022. - 1201.
1. 127. CXXV. — 1201. 1. 120. cml.
- 111111 1200. 1. 122. cmm. -
12001. 111. 022111. - 12001. 112.
0222. - 1200. 1. 112. 02221. -
1200113. 1. 200. 2111. - 121211.

27. 221.

-11, Heinrich 120011. 10. ml. -

1212. 11. 27. 22.

- 01, 1111111111, 11111 1200. 111. 1.

2102111.

- 01, 1111111011 1277. ng. Ι. 211.

2111. - 1202. Ι. 220. 002. - 12001.

¹ 217. comm.

- 01, 0111, 1111111111 1110111111111
1200. 1113. 1. 017. 2211.

 

