464

66161 1216.1. 6022261. - 12701. 176.
6122212.

661616166666 1621. 11. 72. 1226.

66666663 16, 66666166 1266. 1. 246.
661221.

- 6666666166 1264. 1. 160. 6122. -
1264.1. 102. cml.

-16, 1661616166 1266. 1. 246. 661221.
- 1666116666 1261. I. 161. 6112.

66616 1267. Ihg. 1. 607. 61.

- 61666 1267. 166. 1. 606. 61.

661661, 61666. 6. 666661 1266. 1. 64. 1221.

116166, 6666661166 16 6666 1221. I. 67.
XLIII.

66616166 66661666 1266. 1246. 6612611.

66631661 16, 66666166 1270. 1. 217.
6622261.

6661116 16, 116666 666 66166, 6111661617.
11. 62. 16111.

6616666, 616666111611166666 12061. 66.
22611. - 1206. I. 66. m - 1217.1.
62. mvn. - 1217. 1. 64. 2226111.

66166666, mile· (16 66661 12641. 126.

622111.
- 61616 16 66666 1276. 1. 166. 66.
- 127411626612 - 12761. 166.
662111. - 1276. 1. 166. 6626. -
1277. 1. 216. 66226111. - 1276. I. 216.
66222111. - 12761216. 662221. -
1260. 1. 226. 66216. - 1266. 1. 241.
661216.

6616666 antiquus 161666161616 In 116661
1266. I. 266. 66122261.

- 6166666166, 61616 16 66661 1276. 1. 222.
66211.

66166666, 61616 16 66662 1276. Ι. 200.
662611.

6661616166, 61616 16 66661 1276. 1. 200.
66261.

661666 21661666, 6666 1621. 11. 72.
1226.

- 816666616166 66 661636666666 1626.
1111276111.

6616666, 66., 66616166 11611666 66 116111366-
16666 1666. 11. 126. 6226.

6666666666 1666166 162611. 126. cm.

nurgum 66, liudolfus, 61166 1276. I. 216.

’ 6622261
-16, 66666, Illius 1276. 1. 216.
6622261.

-616,1166666616, uxor 1276. I. 217.

’ 6622261.

- (Ie, 011616, 666666 1276. 1. 217.
6622261.

6666666666 1276. 1. 204. 66221. - 1260.
1. 266. 6626111. - 1606. 11. 212216.
- 166611. 164. 6121. - 1666. 11. 266.
66226. - 1671. 163. 11416261.

1666361611 1266. 1166. I. 206. 16.

6666616166111661666, 666666616611666166·
61616 164111. 161. 61222661.

1161666666 1166. I. 24.

6666611666, 111666. 6. 26166 1626. 11. 06.
12222. - 1626. 11. 66. 2611. - 1624.
11. 60. 2616. - 1627. 11. 116. 6211.

6666116 6611161611 6661666611 6166661207. Ι.

’ aem.

6666116 6166661163 167411. 602. 6612216.

emunim 6666 1666. ι. 661. 6666666.
-1266 I. 264. 6612212. - 1264. I.
274. 666611. - 12061. 276. 66621.

6661616166 Dux, 61666 1262-1262. I. 126.
6221.

6666166, 1111613 v. ngnrn 1614. 11. 41.
XLVI. - 11117. 11. 46. 16. - 1617- 11.
60. 161. - 121711621611. - 1616.
1166112. -1616,11.64.12.-1616.

’ n. 66. m. - 1³2³.11.92.1.m1. -
1626. 11. 66. 2611. - 1324. 11. 26.
2616. - 1324. II. 101. 266111. - 1624.
11. 102. 2612. - 1624. 11. 106. 6. -
1627. II. IIII. CXII. - 16666. 166211.
266. 662161.

6666666 116166 Annua-udor! 1260. 11266.
6622261.

666161 166661 6661161616 1266. 163. 1. 616.
26.

666166 16666666 6661161666 1666. 11. 246.
66222.

campum, 6666. v. armi 1666166
22611.

 

