Viinins Esuriens, 01000 13131. 17. 11111.
1110110000 Friedrich 1333. 11. 31. 111111.
11011οςοο 10, vnn 30001001, 11001101 1331.
ΙΙ. 111. 311111.
- 11001101 1331. 11. 137. 31111.
-10, ven 10001001, 300110, 30001000
1335. 11. 133. 311111.

11101100 10 11100100 133311. 151. 31.

18110000011 1313. i. 11831. .

1110001001, siros 1177.1. 111111.- 1333.
Ι. 31. 1111.

- 10, Engo, 01000 13131. 131. 3111.

110100, siren 1313. 11111111.

Vogel iienriene 1377. 110. Ι. 313111.

- 1111001011, 0000 1377. 110. 1. 313.
111.

1000111001 1311. 11. 11. 111. - 131711.
51. 111. - 1313. 11. 51. 11. - 1331.
11. 137. 311. - 1311. 11. 133. 313. -
1331. 11. 333. 33111. - 1331. 11. 333.
cccxxviii.

11000100ος310111001373. 1133133111111.

10100101, 1110010100 101 11100 1317.
110. 11. 133. 1111.

111

101010010110000010 1133. 1. 1. iii.

Vniivsin 100 Pius 1317. ΙΙ. 333.
CCXX.

-1100101000, 110001000 1317. ΙΙ. 333.
3311.

1010001000 3000001100 sutrinensis 1373. ΙΙ.
331. 3313.

10100010ος 1371. 1. 173. 313111.

1001001101000, 3010 1373. 11333. 33111.
- 1371. 11333. 3311111.

- 101000 1373. 11333. 331111.

- 300001, Wiener Bis-ger 1370. ΙΙ. 333.
33111. - 1371. ΙΙ. 333. 3311111.

10001 iun Benngerien 1333. ΙΙ. 311.
ccxxxviii.

10110000010000100 1333. 1. 73. 11.

10110100100110, 1110101000 1318. Ι. 113.
3111.

- 10, 3101001100 13131. 113. 3111.
1010001111οω 1333110. 1. 311. 1111.
1010100101οο 1317. 1. 133. 311.

1001000 001011, 30010. 1333. 110. ΙΙ. ¹
001. 00.
10000 13331133. 11111.

W.

W.. . . 01010 de 0000 1333. 1311111111.

W. Dsennns 10 300101100100, 01000
1333. 1. 337. 33111111.

11001001οι 1311. 1. 133. 311.

11001011 menses 1331. 1. 337. 3311.

110010001000100000010 1101000 1333. eng. Ι.
331. 1.

11101οἰ01 1100010011 1381. ΙΙ. 333. 33311.

11000 31010101 1371. 11311. 3311111111.

11001001, 110110 10 30100 1333. 11. 31.
11111.

1111001000 10, 1100010 1311. Ι. 133.
000001.- 1333.Ι. 1133111111. -
13131. 133. 311111.

110101000101010, 11010001 1153. Ι. e. 11.
- 11101000 10 Sin-nnn 13331. 33. 1111.
- 10, 3101000 1333. 1331111.

- 10, 110001001υο 13331331111.

11οΙ0100 1153. Ι. n. W.

- 00 Wiener Nenstedi 1315. 11. 11.
1111
- 101011001000101311. 11. 11. 1111.

3000010000οΙ, Anien· 101 300100001001 -- 1331. 11. 133. 3111.

1337. ΙΙ. 337. 3311111.
11000000 Esuriens 1313. i. 113. 311.
110100 11101000, 01000 1313. Ι. 13. 111111.
Wriinen's 11010101 101 31. 310101 1331. ΙΙ.
131111.
110101 3011001000 1331. Ι. 313. 3311111.
1101010010ος 10, 1100010 1313. i. 131.
311.
-10, 30000100 01 fliius, 0100013731.
171. 313.

- 301ος00 00 1100001000 1333. 11. 133,
3111.

-1100100010, 30001000 1333. 11. 133.
3111.

1101010000110010010. eanredus 1373. 1.
173. 311111.

110101000110010010, 30000100, 0100013711.
1. 173. 3111111.

- 10, 30000100 00010110000110111000010
1371. i. 133. 3131.

 

