188

naburg 18, 088, nui-Muli· 1878. Ι. 188. mmm, 0118 8118111881811111. -

001
- 18, 088 1878. 1. 881. 00118 -81181
1888. 1. 887. 00111117.
- 18, 0818 1880. 1. 888. 0011111.
1111811, 011. 0181818181811 81111 1888. 11.
887. 0007111.
1118111111 1818. Ι. 88 117111.
1118811811 18, 011111111880.1.118.01111.
111811111 11, 1111181111, 111188 1888. 1. 888.
0001.
- 188811. 117. 0117. - 1877. ΙΙ. 818.
001111. - 1877. 11. 818. 00111117.
Aegon 181 1811 1888. ΙΙ. 88. 11117.
1118111180-1810. 1. 87. m.
11181118 0188181181 1888. 1. 180. cmx.
- 1888. 1. 878. 00011.
111811, 181 1181188111 111111 1888. 11. 818.
00117111.
1181181818 1888. 11. m. 00017.
11111811, 8113 1818. 11. 88. 11111.
- 18, 11181, 8881 1818. ΙΙ. 88 11111.
- 1811881111 olm 1188. 1. 801111.
- 18, 8811181111 1188 - 1818. 1. 88.
17111. -1180-1818. 1. 81111
·- 18, 8811181118 811811177118711-
1188181171-11881801111-
1881. Ι. 187. 0117. - 1881 1. 188.
01171. - 1888. 1. 111. 0117111. α-
1880. 1. 118. 01111. - 18881. 117.
0111. - 1881. 1. 188. 011 -1888
Ι. 188. 011111. ·- 1888. 1. 188. 01117.
-18781 178. 0111117111. - 1877.
1. 810. 001111.
- 18, 0111111υοὶ181 1188. Ι. 881111.
- 18, 08111111,811181878.1.808.0011.
- 18, 08111111 1888. 1. 818. 001111.
- 18, 0811111887. 1. 888. 00017111. -
1808. 11. 18. nv, - 1888. 11. 88.
111171. - 1881. 11. 108. 011.
- 18, 1181118111, 111111 1878. 1. 888. 0011.
- 18, 1111111111 1881. 1. 188. 01171.-
1888-1878. 1. 188. cen. - 18781.
188. 00111. - 1878. 1. 808. 0011. -
1877.1. 810. 001111. - 1878. 1. 881.
0011. - 1888. 1. 818. 00117111. -
1888. 1. 811. 001111. -· 1888. 1. 818.

1888. 1. 80. 117111. - 1881. 1. 187.
8111.-1181.1.118.81171.-1181.
Ι. 111011711. - 1888. 1. 118. 01111.
- 18811. 188. 011. - 18881. 188.
011111-1888118801111. -1888
1. 188. 01117. - 1888. ng. Ι. 110.
7111. - 1878. 1. 881. 0017111. - 1878.
1. 808. 0011.

- 18, 0118, 8811 1818. 11. 88. 11111.

- 18, 0118, 01811 7781811118 181811.
188. 0111111.

- 18, 1111811887. 1. m 00017111. -
1800. 11. 1. Ι. - 1801. 11. 1. 17. -
1808.11.8.11.-1881.11.11.17.

-18, 811818, 81111 1878. Ι. 888.
oen.

·- 18811818 18881. 811. 00117111.

-18,17111111μ1, 111181 1888. 113. 1.
87717.

-18,1711811111888.1.88.117111. -
18171. 118. 07111. - 1881. 1. 188.
01171. ·- 1878. 1. 888. con. - 1878.
Ι. 8800011- 1881. 1. 888. 001111. -
1888. Ι. 818. 00117111. - 1888. 1811
001111. - 1888. 1. 818. 001111.

- 7118811111 81181 1177. Ι. 10. 711.

- 18, 7118111118 1188. 188. 171. -
81181 1880. 1781171. 1888. 1. 80.
117111. ·- 1888. m. 1. 881. 11. -
1888.11ς.1887.17.-1888.1.88.
1111711. -1881118801171-
18881. 111. 0117111. - 18881. 118.
01111. -· 11811188011. -1888,
1. 188. 011111. - 1888. 1. 188. 01117.
-1800 11. 8. 111. - 1801. 11. 8.
17. - 1801. 11. 8. 71. - 18181187.
11111.

-18, 7118111118, uhi-tomi· 18881
111. 1. 801. 7. - 1878. 1. 188. 001.

-18,7718111118,81111 1888. 1. 880.
00111711. κ- 1888. 1. 871. 000111. -
1881. Ι. 871. 00017. - 1881. 1. 871.
0007. - 18871. 881. 00017111.

- 88, 78111111 1800. 11. 1.1.

- 18, 88181111, 88111808.11.8.11 -·
1808.11.8.11.-1801.11.11.17.

001111. - 1888188800111711- 11111111187181118, 8811 1818. 11. 88.

1888. 1771. 000111. - 1871. 1. 871.
0007. - 1881. 1. 871. 00017.
- 18, 1111111, 8811 1818. 11. 8811111.

11111. - 1818. 11. 88- 1117.
-18, 1781811111, 78181 1888. 11. 80.
111171.

 

