lesting 11, 8111111118, 1111111111 1888. 11.
18. 2211. - 188811. 18. mn.
211111111111111 188811. 218. 0012.
21111118111111111 1881. 11. 118. 02811.
2111111181 11, 1111111 1187. 1. 17. 211.
zennon 11111 1111 111111111111272. 1. 182.
020811.
2111111111 1821. 11. 78. 8228.
211831111118111 1821. 11. 78. 8228.
21111111, possessio 1821. 11. 182. 2012.
2111111181111111 1288. 1. 288. 000281.
-12881Ι 281. 0002811. - 1881. 11.

7. 811.
211111, 188111112781 211. 0022211.

1111111111 111181 1111. ιι. 11.
LXXV. - 1821. 11. 71. Lm.

21111111 11 111 111111 1111111111111111
1821. 11. 78. mv.

2111111111 11 81111181111811 1822. 11. 88.

8228111.
- 11 1811111812. 11. 178. 082281. -

1818. 11. 181. CLXXXI.
211111111111 81113 1888. 11. 288. 008211.

211111111111818. 11. 88. 828.
- 11, 1811111111 1288. 1. 221. 002818.

21111111, 11111 1118811 1881. 118. 11.
118. X.

821

2811118111 Heinrich 181811. 182. cmlx.
2111111111 8111111 1888. 11. 887.

· 002018.

2181111111111 12881. 115. 02812. -
1282. 1. 188. 08218.
21111181111111111 1281. 1. 288. 008211.
2111 1111111111 1888. 11. 2. 11.
211111111111111111111, 8181 1818. 11. 188.
0822211.
- 11111111, 8111181811. 188. 0822218.
-1111111111818, 11. 188. cmxli. -
181811. 188. 0822218.

, 21111111 1858. 11. 288. conl.

21111 1217.1. 82. 222811. - 1217. 1. 81.
2228111. - 11111 12881. 781218.

2111111113182811. 118. 028.

21111111 811111 1278. 1. 178. 012228111.

- 2111111 188111. 888. 00012.

2111111 111811 11, 1217. 1. 118. 08111. -
1828. 11. 128. 0212. -1888, 11881.
00022211.

- 11, 0111 12181. 118. 012.

21111111 Heinrich 1887. 11281. 00221.

21111118111811 1818. 11218. 0012. -
1888. 11. 218. 002.

’- 1111811111, 1111111111 1888. 11. 218.
0012.

 

